1659632348.000000
4.000000
33.16
33.16
33.16
33.16
33.16
33.16
33.16
33.16
33.13
33.13
33.13
33.13
33.05
33.05
33.05
33.05
33.25
33.25
33.25
33.25
33.29
33.29
33.29
33.29
33.29
33.29
33.29
33.29
33.27
33.27
33.27
33.27
33.25
33.25
33.25
33.25
33.27
33.27
33.27
33.27
33.27
33.27
33.27
33.27
33.27
33.27
33.27
33.27
33.29
33.29
33.29
33.29
33.29
33.29
33.29
33.29
33.29
33.29
33.29
33.29
33.29
33.29
33.29
33.29
33.31
33.31
33.31
33.31
33.31
33.31
33.31
33.31
33.31
33.31
33.31
33.31
33.31
33.31
33.31
33.31
33.31
33.31
33.31
33.31
33.31
33.31
33.31
33.31
33.33
33.33
33.33
33.33
33.31
33.31
33.31
33.31
33.31
33.31
33.31
33.31
33.31
33.31
33.31
33.31
33.33
33.33
33.33
33.33
33.33
33.33
33.33
33.33
33.34
33.34
33.34
33.34
33.33
33.33
33.33
33.33
33.34
33.34
33.34
33.34
33.34
33.34
33.34
33.34
33.34
33.34
33.34
33.34
33.34
33.34
33.34
33.34
33.37
33.37
33.37
33.37
33.37
33.37
33.37
33.37
33.37
33.37
33.37
33.37
33.39
33.39
33.39
33.39
33.39
33.39
33.39
33.39
33.39
33.39
33.39
33.39
33.37
33.37
33.37
33.37
33.37
33.37
33.37
33.37
33.37
33.37
33.37
33.37
33.37
33.37
33.37
33.37
33.37
33.37
33.37
33.37
33.39
33.39
33.39
33.39
33.34
33.34
33.34
33.34
33.39
33.39
33.39
33.39
33.37
33.37
33.37
33.37
33.37
33.37
33.37
33.37
33.34
33.34
33.34
33.34
33.34
33.34
33.34
33.34
33.37
33.37
33.37
33.37
33.34
33.34
33.34
33.34
33.34
33.34
33.34
33.34
33.34
33.34
33.34
33.34
33.34
33.34
33.34
33.34
33.37
33.37
33.37
33.37
33.34
33.34
33.34
33.34
33.37
33.37
33.37
33.37
33.37
33.37
33.37
33.37
33.34
33.34
33.34
33.34
33.34
33.34
33.34
33.34
33.37
33.37
33.37
33.37
33.33
33.33
33.33
33.33
33.34
33.34
33.34
33.34
33.34
33.34
33.34
33.34
33.34
33.34
33.34
33.34
33.34
33.34
33.34
33.34
33.34
33.34
33.34
33.34
33.33
33.33
33.33
33.33
33.33
33.33
33.33
33.33
33.33
33.33
33.33
33.33
33.33
33.33
33.33
33.33
33.33
33.33
33.33
33.33
33.31
33.31
33.31
33.31
33.31
33.31
33.31
33.31
33.33
33.33
33.33
33.33
33.33
33.33
33.33
33.33
33.31
33.31
33.31
33.31
33.31
33.31
33.31
33.31
33.33
33.33
33.33
33.33
33.31
33.31
33.31
33.31
33.31
33.31
33.31
33.31
33.31
33.31
33.31
33.31
33.31
33.31
33.31
33.31
33.33
33.33
33.33
33.33
33.25
33.25
33.25
33.25
33.27
33.27
33.27
33.27
33.25
33.25
33.25
33.25
33.25
33.25
33.25
33.25
33.25
33.25
33.25
33.25
33.23
33.23
33.23
33.23
33.27
33.27
33.27
33.27
33.33
33.33
33.33
33.33
33.27
33.27
33.27
33.27
33.31
33.31
33.31
33.31
33.29
33.29
33.29
33.29
33.31
33.31
33.31
33.31
33.31
33.31
33.31
33.31
33.31
33.31
33.31
33.31
33.31
33.31
33.31
33.31
33.29
33.29
33.29
33.29
33.29
33.29
33.29
33.29
33.31
33.31
33.31
33.31
33.33
33.33
33.33
33.33
33.33
33.33
33.33
33.33
33.31
33.31
33.31
33.31
33.29
33.29
33.29
33.29
33.33
33.33
33.33
33.33
33.34
33.34
33.34
33.34
33.33
33.33
33.33
33.33
33.34
33.34
33.34
33.34
33.34
33.34
33.34
33.34
33.37
33.37
33.37
33.37
33.34
33.34
33.34
33.34
33.34
33.34
33.34
33.34
33.34
33.34
33.34
33.34
33.37
33.37
33.37
33.37
33.39
33.39
33.39
33.39
33.34
33.34
33.34
33.34
33.33
33.33
33.33
33.33
33.33
33.33
33.33
33.33
33.34
33.34
33.34
33.34
33.33
33.33
33.33
33.33
33.33
33.33
33.33
33.33
33.33
33.33
33.33
33.33
33.37
33.37
33.37
33.37
33.37
33.37
33.37
33.37
33.34
33.34
33.34
33.34
33.37
33.37
33.37
33.37
33.39
33.39
33.39
33.39
33.34
33.34
33.34
33.34
33.37
33.37
33.37
33.37
33.37
33.37
33.37
33.37
33.34
33.34
33.34
33.34
33.34
33.34
33.34
33.34
33.34
33.34
33.34
33.34
33.37
33.37
33.37
33.37
33.34
33.34
33.34
33.34
33.34
33.34
33.34
33.34
33.37
33.37
33.37
33.37
33.37
33.37
33.37
33.37
33.31
33.31
33.31
33.31
33.31
33.31
33.31
33.31
33.33
33.33
33.33
33.33
33.33
33.33
33.33
33.33
33.33
33.33
33.33
33.33
33.33
33.33
33.33
33.33
33.31
33.31
33.31
33.31
33.31
33.31
33.31
33.31
33.31
33.31
33.31
33.31
33.29
33.29
33.29
33.29
33.31
33.31
33.31
33.31
33.31
33.31
33.31
33.31
33.27
33.27
33.27
33.27
33.29
33.29
33.29
33.29
33.27
33.27
33.27
33.27
33.29
33.29
33.29
33.29
33.29
33.29
33.29
33.29
33.33
33.33
33.33
33.33
33.31
33.31
33.31
33.31
33.33
33.33
33.33
33.33
33.31
33.31
33.31
33.31
33.33
33.33
33.33
33.33
33.31
33.31
33.31
33.31
33.33
33.33
33.33
33.33
33.33
33.33
33.33
33.33
33.37
33.37
33.37
33.37
33.39
33.39
33.39
33.39
33.37
33.37
33.37
33.37
33.39
33.39
33.39
33.39
33.37
33.37
33.37
33.37
33.37
33.37
33.37
33.37
33.39
33.39
33.39
33.39
33.39
33.39
33.39
33.39
33.37
33.37
33.37
33.37
33.39
33.39
33.39
33.39
33.39
33.39
33.39
33.39
33.41
33.41
33.41
33.41
33.45
33.45
33.45
33.45
33.43
33.43
33.43
33.43
33.45
33.45
33.45
33.45
33.43
33.43
33.43
33.43
33.43
33.43
33.43
33.43
33.43
33.43
33.43
33.43
33.45
33.45
33.45
33.45
33.47
33.47
33.47
33.47
33.45
33.45
33.45
33.45
33.43
33.43
33.43
33.43
33.43
33.43
33.43
33.43
33.47
33.47
33.47
33.47
33.49
33.49
33.49
33.49
33.49
33.49
33.49
33.49
33.50
33.50
33.50
33.50
33.53
33.53
33.53
33.53
33.50
33.50
33.50
33.50
33.53
33.53
33.53
33.53
33.53
33.53
33.53
33.53
33.53
33.53
33.53
33.53
33.53
33.53
33.53
33.53
33.53
33.53
33.53
33.53
33.57
33.57
33.57
33.57
33.53
33.53
33.53
33.53
33.50
33.50
33.50
33.50
33.50
33.50
33.50
33.50
33.53
33.53
33.53
33.53
33.49
33.49
33.49
33.49
33.50
33.50
33.50
33.50
33.55
33.55
33.55
33.55
33.53
33.53
33.53
33.53
33.53
33.53
33.53
33.53
33.53
33.53
33.53
33.53
33.53
33.53
33.53
33.53
33.55
33.55
33.55
33.55
33.55
33.55
33.55
33.55
33.57
33.57
33.57
33.57
33.55
33.55
33.55
33.55
33.57
33.57
33.57
33.57
33.53
33.53
33.53
33.53
33.57
33.57
33.57
33.57
33.53
33.53
33.53
33.53
33.57
33.57
33.57
33.57
33.59
33.59
33.59
33.59
33.57
33.57
33.57
33.57
33.55
33.55
33.55
33.55
33.59
33.59
33.59
33.59
33.57
33.57
33.57
33.57
33.55
33.55
33.55
33.55
33.53
33.53
33.53
33.53
33.57
33.57
33.57
33.57
33.57
33.57
33.57
33.57
33.57
33.57
33.57
33.57
33.57
33.57
33.57
33.57
33.59
33.59
33.59
33.59
33.59
33.59
33.59
33.59
33.61
33.61
33.61
33.61
33.61
33.61
33.61
33.61
33.59
33.59
33.59
33.59
33.61
33.61
33.61
33.61
33.61
33.61
33.61
33.61
33.57
33.57
33.57
33.57
33.63
33.63
33.63
33.63
33.65
33.65
33.65
33.65
33.65
33.65
33.65
33.65
33.66
33.66
33.66
33.66
33.65
33.65
33.65
33.65
33.66
33.66
33.66
33.66
33.66
33.66
33.66
33.66
33.68
33.68
33.68
33.68
33.71
33.71
33.71
33.71
33.75
33.75
33.75
33.75
33.71
33.71
33.71
33.71
33.73
33.73
33.73
33.73
33.73
33.73
33.73
33.73
33.71
33.71
33.71
33.71
33.73
33.73
33.73
33.73
33.71
33.71
33.71
33.71
33.71
33.71
33.71
33.71
33.71
33.71
33.71
33.71
33.68
33.68
33.68
33.68
33.68
33.68
33.68
33.68
33.68
33.68
33.68
33.68
33.73
33.73
33.73
33.73
33.71
33.71
33.71
33.71
33.68
33.68
33.68
33.68
33.71
33.71
33.71
33.71
33.71
33.71
33.71
33.71
33.71
33.71
33.71
33.71
33.71
33.71
33.71
33.71
33.73
33.73
33.73
33.73
33.71
33.71
33.71
33.71
33.68
33.68
33.68
33.68
33.66
33.66
33.66
33.66
33.66
33.66
33.66
33.66
33.65
33.65
33.65
33.65
33.73
33.73
33.73
33.73
33.73
33.73
33.73
33.73
33.73
33.73
33.73
33.73
33.75
33.75
33.75
33.75
33.73
33.73
33.73
33.73
33.73
33.73
33.73
33.73
33.73
33.73
33.73
33.73
33.73
33.73
33.73
33.73
33.73
33.73
33.73
33.73
33.75
33.75
33.75
33.75
33.75
33.75
33.75
33.75
33.73
33.73
33.73
33.73
33.73
33.73
33.73
33.73
33.71
33.71
33.71
33.71
33.71
33.71
33.71
33.71
33.68
33.68
33.68
33.68
33.68
33.68
33.68
33.68
33.68
33.68
33.68
33.68
33.68
33.68
33.68
33.68
33.68
33.68
33.68
33.68
33.66
33.66
33.66
33.66
33.66
33.66
33.66
33.66
33.65
33.65
33.65
33.65
33.59
33.59
33.59
33.59
33.63
33.63
33.63
33.63
33.63
33.63
33.63
33.63
33.63
33.63
33.63
33.63
33.63
33.63
33.63
33.63
33.65
33.65
33.65
33.65
33.65
33.65
33.65
33.65
33.65
33.65
33.65
33.65
33.63
33.63
33.63
33.63
33.63
33.63
33.63
33.63
33.63
33.63
33.63
33.63
33.61
33.61
33.61
33.61
33.59
33.59
33.59
33.59
33.59
33.59
33.59
33.59
33.63
33.63
33.63
33.63
33.63
33.63
33.63
33.63
33.63
33.63
33.63
33.63
33.59
33.59
33.59
33.59
33.63
33.63
33.63
33.63
33.63
33.63
33.63
33.63
33.63
33.63
33.63
33.63
33.65
33.65
33.65
33.65
33.65
33.65
33.65
33.65
33.65
33.65
33.65
33.65
33.63
33.63
33.63
33.63
33.63
33.63
33.63
33.63
33.63
33.63
33.63
33.63
33.61
33.61
33.61
33.61
33.63
33.63
33.63
33.63
33.59
33.59
33.59
33.59
33.61
33.61
33.61
33.61
33.59
33.59
33.59
33.59
33.57
33.57
33.57
33.57
33.59
33.59
33.59
33.59
33.57
33.57
33.57
33.57
33.57
33.57
33.57
33.57
33.59
33.59
33.59
33.59
33.59
33.59
33.59
33.59
33.59
33.59
33.59
33.59
33.57
33.57
33.57
33.57
33.57
33.57
33.57
33.57
33.57
33.57
33.57
33.57
33.57
33.57
33.57
33.57
33.55
33.55
33.55
33.55
33.53
33.53
33.53
33.53
33.55
33.55
33.55
33.55
33.53
33.53
33.53
33.53
33.55
33.55
33.55
33.55
33.55
33.55
33.55
33.55
33.53
33.53
33.53
33.53
33.50
33.50
33.50
33.50
33.53
33.53
33.53
33.53
33.50
33.50
33.50
33.50
33.49
33.49
33.49
33.49
33.49
33.49
33.49
33.49
33.49
33.49
33.49
33.49
33.50
33.50
33.50
33.50
33.49
33.49
33.49
33.49
33.47
33.47
33.47
33.47
33.47
33.47
33.47
33.47
33.47
33.47
33.47
33.47
33.49
33.49
33.49
33.49
33.45
33.45
33.45
33.45
33.45
33.45
33.45
33.45
33.47
33.47
33.47
33.47
33.47
33.47
33.47
33.47
33.45
33.45
33.45
33.45
33.45
33.45
33.45
33.45
33.43
33.43
33.43
33.43
33.43
33.43
33.43
33.43
33.41
33.41
33.41
33.41
33.43
33.43
33.43
33.43
33.43
33.43
33.43
33.43
33.41
33.41
33.41
33.41
33.41
33.41
33.41
33.41
33.39
33.39
33.39
33.39
33.41
33.41
33.41
33.41
33.39
33.39
33.39
33.39
33.39
33.39
33.39
33.39
33.39
33.39
33.39
33.39
33.39
33.39
33.39
33.39
33.39
33.39
33.39
33.39
33.39
33.39
33.39
33.39
33.41
33.41
33.41
33.41
33.41
33.41
33.41
33.41
33.39
33.39
33.39
33.39
33.39
33.39
33.39
33.39
33.39
33.39
33.39
33.39
33.39
33.39
33.39
33.39
33.37
33.37
33.37
33.37
33.39
33.39
33.39
33.39
33.39
33.39
33.39
33.39
33.37
33.37
33.37
33.37
33.39
33.39
33.39
33.39
33.39
33.39
33.39
33.39
33.37
33.37
33.37
33.37
33.37
33.37
33.37
33.37
33.37
33.37
33.37
33.37
33.37
33.37
33.37
33.37
33.39
33.39
33.39
33.39
33.37
33.37
33.37
33.37
33.34
33.34
33.34
33.34
33.34
33.34
33.34
33.34
33.37
33.37
33.37
33.37
33.37
33.37
33.37
33.37
33.34
33.34
33.34
33.34
33.33
33.33
33.33
33.33
33.34
33.34
33.34
33.34
33.34
33.34
33.34
33.34
33.33
33.33
33.33
33.33
33.33
33.33
33.33
33.33
33.33
33.33
33.33
33.33
33.33
33.33
33.33
33.33
33.31
33.31
33.31
33.31
33.31
33.31
33.31
33.31
33.29
33.29
33.29
33.29
33.31
33.31
33.31
33.31
33.29
33.29
33.29
33.29
33.31
33.31
33.31
33.31
33.29
33.29
33.29
33.29
33.29
33.29
33.29
33.29
33.29
33.29
33.29
33.29
33.27
33.27
33.27
33.27
33.27
33.27
33.27
33.27
33.25
33.25
33.25
33.25
33.27
33.27
33.27
33.27
33.25
33.25
33.25
33.25
33.23
33.23
33.23
33.23
33.23
33.23
33.23
33.23
33.23
33.23
33.23
33.23
33.23
33.23
33.23
33.23
33.23
33.23
33.23
33.23
33.23
33.23
33.23
33.23
33.23
33.23
33.23
33.23
33.25
33.25
33.25
33.25
33.23
33.23
33.23
33.23
33.21
33.21
33.21
33.21
33.23
33.23
33.23
33.23
33.23
33.23
33.23
33.23
33.23
33.23
33.23
33.23
33.23
33.23
33.23
33.23
33.23
33.23
33.23
33.23
33.21
33.21
33.21
33.21
33.18
33.18
33.18
33.18
33.23
33.23
33.23
33.23
33.21
33.21
33.21
33.21
33.25
33.25
33.25
33.25
33.23
33.23
33.23
33.23
33.27
33.27
33.27
33.27
33.23
33.23
33.23
33.23
33.25
33.25
33.25
33.25
33.23
33.23
33.23
33.23
33.23
33.23
33.23
33.23
33.21
33.21
33.21
33.21
33.25
33.25
33.25
33.25
33.21
33.21
33.21
33.21
33.23
33.23
33.23
33.23
33.25
33.25
33.25
33.25
33.25
33.25
33.25
33.25
33.23
33.23
33.23
33.23
33.23
33.23
33.23
33.23
33.23
33.23
33.23
33.23
33.21
33.21
33.21
33.21
33.18
33.18
33.18
33.18
33.21
33.21
33.21
33.21
33.21
33.21
33.21
33.21
33.21
33.21
33.21
33.21
33.21
33.21
33.21
33.21
33.18
33.18
33.18
33.18
33.21
33.21
33.21
33.21
33.18
33.18
33.18
33.18
33.16
33.16
33.16
33.16
33.18
33.18
33.18
33.18
33.18
33.18
33.18
33.18
33.18
33.18
33.18
33.18
33.16
33.16
33.16
33.16
33.16
33.16
33.16
33.16
33.18
33.18
33.18
33.18
33.16
33.16
33.16
33.16
33.16
33.16
33.16
33.16
33.18
33.18
33.18
33.18
33.16
33.16
33.16
33.16
33.16
33.16
33.16
33.16
33.15
33.15
33.15
33.15
33.16
33.16
33.16
33.16
33.16
33.16
33.16
33.16
33.16
33.16
33.16
33.16
33.16
33.16
33.16
33.16
33.15
33.15
33.15
33.15
33.16
33.16
33.16
33.16
33.16
33.16
33.16
33.16
33.15
33.15
33.15
33.15
33.16
33.16
33.16
33.16
33.15
33.15
33.15
33.15
33.13
33.13
33.13
33.13
33.15
33.15
33.15
33.15
33.15
33.15
33.15
33.15
33.11
33.11
33.11
33.11
33.13
33.13
33.13
33.13
33.09
33.09
33.09
33.09
33.11
33.11
33.11
33.11
33.11
33.11
33.11
33.11
33.11
33.11
33.11
33.11
33.11
33.11
33.11
33.11
33.11
33.11
33.11
33.11
33.11
33.11
33.11
33.11
33.09
33.09
33.09
33.09
33.11
33.11
33.11
33.11
33.13
33.13
33.13
33.13
33.09
33.09
33.09
33.09
33.11
33.11
33.11
33.11
33.13
33.13
33.13
33.13
33.13
33.13
33.13
33.13
33.13
33.13
33.13
33.13
33.11
33.11
33.11
33.11
33.11
33.11
33.11
33.11
33.09
33.09
33.09
33.09
33.11
33.11
33.11
33.11
33.11
33.11
33.11
33.11
33.11
33.11
33.11
33.11
33.11
33.11
33.11
33.11
33.09
33.09
33.09
33.09
33.13
33.13
33.13
33.13
33.13
33.13
33.13
33.13
33.11
33.11
33.11
33.11
33.11
33.11
33.11
33.11
33.09
33.09
33.09
33.09
33.07
33.07
33.07
33.07
33.11
33.11
33.11
33.11
33.11
33.11
33.11
33.11
33.09
33.09
33.09
33.09
33.09
33.09
33.09
33.09
33.09
33.09
33.09
33.09
33.09
33.09
33.09
33.09
33.09
33.09
33.09
33.09
33.07
33.07
33.07
33.07
33.07
33.07
33.07
33.07
33.07
33.07
33.07
33.07
33.05
33.05
33.05
33.05
33.05
33.05
33.05
33.05
33.05
33.05
33.05
33.05
33.03
33.03
33.03
33.03
33.03
33.03
33.03
33.03
33.03
33.03
33.03
33.03
33.03
33.03
33.03
33.03
33.03
33.03
33.03
33.03
32.99
32.99
32.99
32.99
33.03
33.03
33.03
33.03
33.00
33.00
33.00
33.00
32.99
32.99
32.99
32.99
33.00
33.00
33.00
33.00
32.99
32.99
32.99
32.99
32.97
32.97
32.97
32.97
32.99
32.99
32.99
32.99
32.97
32.97
32.97
32.97
32.99
32.99
32.99
32.99
32.99
32.99
32.99
32.99
32.95
32.95
32.95
32.95
32.95
32.95
32.95
32.95
32.95
32.95
32.95
32.95
32.93
32.93
32.93
32.93
32.93
32.93
32.93
32.93
32.93
32.93
32.93
32.93
32.93
32.93
32.93
32.93
32.97
32.97
32.97
32.97
32.95
32.95
32.95
32.95
32.93
32.93
32.93
32.93
32.95
32.95
32.95
32.95
32.95
32.95
32.95
32.95
32.95
32.95
32.95
32.95
32.93
32.93
32.93
32.93
32.93
32.93
32.93
32.93
32.93
32.93
32.93
32.93
32.93
32.93
32.93
32.93
32.91
32.91
32.91
32.91
32.93
32.93
32.93
32.93
32.93
32.93
32.93
32.93
32.91
32.91
32.91
32.91
32.91
32.91
32.91
32.91
32.91
32.91
32.91
32.91
32.89
32.89
32.89
32.89
32.91
32.91
32.91
32.91
32.89
32.89
32.89
32.89
32.91
32.91
32.91
32.91
32.89
32.89
32.89
32.89
32.89
32.89
32.89
32.89
32.91
32.91
32.91
32.91
32.89
32.89
32.89
32.89
32.91
32.91
32.91
32.91
32.91
32.91
32.91
32.91
32.87
32.87
32.87
32.87
32.91
32.91
32.91
32.91
32.89
32.89
32.89
32.89
32.89
32.89
32.89
32.89
32.89
32.89
32.89
32.89
32.89
32.89
32.89
32.89
32.89
32.89
32.89
32.89
32.87
32.87
32.87
32.87
32.87
32.87
32.87
32.87
32.91
32.91
32.91
32.91
32.87
32.87
32.87
32.87
32.87
32.87
32.87
32.87
32.87
32.87
32.87
32.87
32.84
32.84
32.84
32.84
32.87
32.87
32.87
32.87
32.87
32.87
32.87
32.87
32.84
32.84
32.84
32.84
32.84
32.84
32.84
32.84
32.87
32.87
32.87
32.87
32.83
32.83
32.83
32.83
32.87
32.87
32.87
32.87
32.84
32.84
32.84
32.84
32.84
32.84
32.84
32.84
32.84
32.84
32.84
32.84
32.84
32.84
32.84
32.84
32.83
32.83
32.83
32.83
32.84
32.84
32.84
32.84
32.84
32.84
32.84
32.84
32.87
32.87
32.87
32.87
32.87
32.87
32.87
32.87
32.87
32.87
32.87
32.87
32.87
32.87
32.87
32.87
32.84
32.84
32.84
32.84
32.89
32.89
32.89
32.89
32.89
32.89
32.89
32.89
32.89
32.89
32.89
32.89
32.89
32.89
32.89
32.89
32.87
32.87
32.87
32.87
32.89
32.89
32.89
32.89
32.87
32.87
32.87
32.87
32.87
32.87
32.87
32.87
32.87
32.87
32.87
32.87
32.89
32.89
32.89
32.89
32.89
32.89
32.89
32.89
32.87
32.87
32.87
32.87
32.89
32.89
32.89
32.89
32.91
32.91
32.91
32.91
32.93
32.93
32.93
32.93
32.89
32.89
32.89
32.89
32.89
32.89
32.89
32.89
32.87
32.87
32.87
32.87
32.87
32.87
32.87
32.87
32.84
32.84
32.84
32.84
32.83
32.83
32.83
32.83
32.84
32.84
32.84
32.84
32.84
32.84
32.84
32.84
32.87
32.87
32.87
32.87
32.84
32.84
32.84
32.84
32.83
32.83
32.83
32.83
32.87
32.87
32.87
32.87
32.84
32.84
32.84
32.84
32.83
32.83
32.83
32.83
32.84
32.84
32.84
32.84
32.84
32.84
32.84
32.84
32.84
32.84
32.84
32.84
32.83
32.83
32.83
32.83
32.84
32.84
32.84
32.84
32.81
32.81
32.81
32.81
32.83
32.83
32.83
32.83
32.83
32.83
32.83
32.83
32.81
32.81
32.81
32.81
32.83
32.83
32.83
32.83
32.81
32.81
32.81
32.81
32.81
32.81
32.81
32.81
32.83
32.83
32.83
32.83
32.81
32.81
32.81
32.81
32.79
32.79
32.79
32.79
32.79
32.79
32.79
32.79
32.79
32.79
32.79
32.79
32.81
32.81
32.81
32.81
32.81
32.81
32.81
32.81
32.79
32.79
32.79
32.79
32.79
32.79
32.79
32.79
32.81
32.81
32.81
32.81
32.81
32.81
32.81
32.81
32.81
32.81
32.81
32.81
32.79
32.79
32.79
32.79
32.79
32.79
32.79
32.79
32.81
32.81
32.81
32.81
32.77
32.77
32.77
32.77
32.77
32.77
32.77
32.77
32.75
32.75
32.75
32.75
32.75
32.75
32.75
32.75
32.79
32.79
32.79
32.79
32.75
32.75
32.75
32.75
32.77
32.77
32.77
32.77
32.77
32.77
32.77
32.77
32.75
32.75
32.75
32.75
32.75
32.75
32.75
32.75
32.75
32.75
32.75
32.75
32.77
32.77
32.77
32.77
32.77
32.77
32.77
32.77
32.75
32.75
32.75
32.75
32.75
32.75
32.75
32.75
32.75
32.75
32.75
32.75
32.75
32.75
32.75
32.75
32.73
32.73
32.73
32.73
32.73
32.73
32.73
32.73
32.71
32.71
32.71
32.71
32.71
32.71
32.71
32.71
32.68
32.68
32.68
32.68
32.71
32.71
32.71
32.71
32.66
32.66
32.66
32.66
32.66
32.66
32.66
32.66
32.71
32.71
32.71
32.71
32.71
32.71
32.71
32.71
32.68
32.68
32.68
32.68
32.68
32.68
32.68
32.68
32.66
32.66
32.66
32.66
32.66
32.66
32.66
32.66
32.65
32.65
32.65
32.65
32.68
32.68
32.68
32.68
32.66
32.66
32.66
32.66
32.66
32.66
32.66
32.66
32.68
32.68
32.68
32.68
32.66
32.66
32.66
32.66
32.68
32.68
32.68
32.68
32.68
32.68
32.68
32.68
32.66
32.66
32.66
32.66
32.66
32.66
32.66
32.66
32.66
32.66
32.66
32.66
32.68
32.68
32.68
32.68
32.66
32.66
32.66
32.66
32.66
32.66
32.66
32.66
32.65
32.65
32.65
32.65
32.66
32.66
32.66
32.66
32.68
32.68
32.68
32.68
32.65
32.65
32.65
32.65
32.66
32.66
32.66
32.66
32.66
32.66
32.66
32.66
32.66
32.66
32.66
32.66
32.63
32.63
32.63
32.63
32.66
32.66
32.66
32.66
32.66
32.66
32.66
32.66
32.65
32.65
32.65
32.65
32.68
32.68
32.68
32.68
32.65
32.65
32.65
32.65
32.66
32.66
32.66
32.66
32.66
32.66
32.66
32.66
32.66
32.66
32.66
32.66
32.66
32.66
32.66
32.66
32.65
32.65
32.65
32.65
32.66
32.66
32.66
32.66
32.68
32.68
32.68
32.68
32.65
32.65
32.65
32.65
32.65
32.65
32.65
32.65
32.66
32.66
32.66
32.66
32.65
32.65
32.65
32.65
32.65
32.65
32.65
32.65
32.65
32.65
32.65
32.65
32.65
32.65
32.65
32.65
32.65
32.65
32.65
32.65
32.65
32.65
32.65
32.65
32.65
32.65
32.65
32.65
32.65
32.65
32.65
32.65
32.66
32.66
32.66
32.66
32.65
32.65
32.65
32.65
32.65
32.65
32.65
32.65
32.65
32.65
32.65
32.65
32.63
32.63
32.63
32.63
32.59
32.59
32.59
32.59
32.57
32.57
32.57
32.57
32.55
32.55
32.55
32.55
32.59
32.59
32.59
32.59
32.61
32.61
32.61
32.61
32.63
32.63
32.63
32.63
32.63
32.63
32.63
32.63
32.63
32.63
32.63
32.63
32.63
32.63
32.63
32.63
32.63
32.63
32.63
32.63
32.65
32.65
32.65
32.65
32.63
32.63
32.63
32.63
32.63
32.63
32.63
32.63
32.61
32.61
32.61
32.61
32.61
32.61
32.61
32.61
32.63
32.63
32.63
32.63
32.61
32.61
32.61
32.61
32.59
32.59
32.59
32.59
32.59
32.59
32.59
32.59
32.59
32.59
32.59
32.59
32.59
32.59
32.59
32.59
32.61
32.61
32.61
32.61
32.59
32.59
32.59
32.59
32.59
32.59
32.59
32.59
32.59
32.59
32.59
32.59
32.59
32.59
32.59
32.59
32.59
32.59
32.59
32.59
32.57
32.57
32.57
32.57
32.59
32.59
32.59
32.59
32.59
32.59
32.59
32.59
32.61
32.61
32.61
32.61
32.57
32.57
32.57
32.57
32.61
32.61
32.61
32.61
32.59
32.59
32.59
32.59
32.61
32.61
32.61
32.61
32.59
32.59
32.59
32.59
32.61
32.61
32.61
32.61
32.61
32.61
32.61
32.61
32.59
32.59
32.59
32.59
32.61
32.61
32.61
32.61
32.61
32.61
32.61
32.61
32.61
32.61
32.61
32.61
32.63
32.63
32.63
32.63
32.63
32.63
32.63
32.63
32.63
32.63
32.63
32.63
32.63
32.63
32.63
32.63
32.61
32.61
32.61
32.61
32.65
32.65
32.65
32.65
32.61
32.61
32.61
32.61
32.63
32.63
32.63
32.63
32.63
32.63
32.63
32.63
32.63
32.63
32.63
32.63
32.63
32.63
32.63
32.63
32.63
32.63
32.63
32.63
32.61
32.61
32.61
32.61
32.61
32.61
32.61
32.61
32.63
32.63
32.63
32.63
32.63
32.63
32.63
32.63
32.63
32.63
32.63
32.63
32.65
32.65
32.65
32.65
32.63
32.63
32.63
32.63
32.65
32.65
32.65
32.65
32.65
32.65
32.65
32.65
32.63
32.63
32.63
32.63
32.61
32.61
32.61
32.61
32.63
32.63
32.63
32.63
32.63
32.63
32.63
32.63
32.61
32.61
32.61
32.61
32.63
32.63
32.63
32.63
32.63
32.63
32.63
32.63
32.65
32.65
32.65
32.65
32.63
32.63
32.63
32.63
32.63
32.63
32.63
32.63
32.63
32.63
32.63
32.63
32.65
32.65
32.65
32.65
32.63
32.63
32.63
32.63
32.63
32.63
32.63
32.63
32.63
32.63
32.63
32.63
32.63
32.63
32.63
32.63
32.65
32.65
32.65
32.65
32.65
32.65
32.65
32.65
32.61
32.61
32.61
32.61
32.65
32.65
32.65
32.65
32.65
32.65
32.65
32.65
32.68
32.68
32.68
32.68
32.63
32.63
32.63
32.63
32.63
32.63
32.63
32.63
32.63
32.63
32.63
32.63
32.65
32.65
32.65
32.65
32.65
32.65
32.65
32.65
32.66
32.66
32.66
32.66
32.66
32.66
32.66
32.66
32.65
32.65
32.65
32.65
32.66
32.66
32.66
32.66
32.68
32.68
32.68
32.68
32.65
32.65
32.65
32.65
32.65
32.65
32.65
32.65
32.66
32.66
32.66
32.66
32.66
32.66
32.66
32.66
32.65
32.65
32.65
32.65
32.66
32.66
32.66
32.66
32.66
32.66
32.66
32.66
32.66
32.66
32.66
32.66
32.68
32.68
32.68
32.68
32.68
32.68
32.68
32.68
32.68
32.68
32.68
32.68
32.68
32.68
32.68
32.68
32.66
32.66
32.66
32.66
32.68
32.68
32.68
32.68
32.66
32.66
32.66
32.66
32.68
32.68
32.68
32.68
32.68
32.68
32.68
32.68
32.68
32.68
32.68
32.68
32.68
32.68
32.68
32.68
32.71
32.71
32.71
32.71
32.71
32.71
32.71
32.71
32.68
32.68
32.68
32.68
32.71
32.71
32.71
32.71
32.71
32.71
32.71
32.71
32.71
32.71
32.71
32.71
32.71
32.71
32.71
32.71
32.71
32.71
32.71
32.71
32.71
32.71
32.71
32.71
32.71
32.71
32.71
32.71
32.71
32.71
32.71
32.71
32.71
32.71
32.71
32.71
32.73
32.73
32.73
32.73
32.73
32.73
32.73
32.73
32.73
32.73
32.73
32.73
32.73
32.73
32.73
32.73
32.77
32.77
32.77
32.77
32.75
32.75
32.75
32.75
32.73
32.73
32.73
32.73
32.75
32.75
32.75
32.75
32.75
32.75
32.75
32.75
32.75
32.75
32.75
32.75
32.75
32.75
32.75
32.75
32.77
32.77
32.77
32.77
32.75
32.75
32.75
32.75
32.75
32.75
32.75
32.75
32.73
32.73
32.73
32.73
32.77
32.77
32.77
32.77
32.77
32.77
32.77
32.77
32.77
32.77
32.77
32.77
32.79
32.79
32.79
32.79
32.77
32.77
32.77
32.77
32.79
32.79
32.79
32.79
32.77
32.77
32.77
32.77
32.75
32.75
32.75
32.75
32.77
32.77
32.77
32.77
32.77
32.77
32.77
32.77
32.79
32.79
32.79
32.79
32.79
32.79
32.79
32.79
32.79
32.79
32.79
32.79
32.81
32.81
32.81
32.81
32.79
32.79
32.79
32.79
32.81
32.81
32.81
32.81
32.79
32.79
32.79
32.79
32.79
32.79
32.79
32.79
32.79
32.79
32.79
32.79
32.79
32.79
32.79
32.79
32.79
32.79
32.79
32.79
32.79
32.79
32.79
32.79
32.77
32.77
32.77
32.77
32.81
32.81
32.81
32.81
32.81
32.81
32.81
32.81
32.79
32.79
32.79
32.79
32.79
32.79
32.79
32.79
32.81
32.81
32.81
32.81
32.79
32.79
32.79
32.79
32.79
32.79
32.79
32.79
32.77
32.77
32.77
32.77
32.79
32.79
32.79
32.79
32.79
32.79
32.79
32.79
32.79
32.79
32.79
32.79
32.79
32.79
32.79
32.79
32.81
32.81
32.81
32.81
32.81
32.81
32.81
32.81
32.81
32.81
32.81
32.81
32.79
32.79
32.79
32.79
32.79
32.79
32.79
32.79
32.81
32.81
32.81
32.81
32.81
32.81
32.81
32.81
32.81
32.81
32.81
32.81
32.81
32.81
32.81
32.81
32.81
32.81
32.81
32.81
32.81
32.81
32.81
32.81
32.83
32.83
32.83
32.83
32.83
32.83
32.83
32.83
32.81
32.81
32.81
32.81
32.81
32.81
32.81
32.81
32.87
32.87
32.87
32.87
32.87
32.87
32.87
32.87
32.87
32.87
32.87
32.87
32.87
32.87
32.87
32.87
32.84
32.84
32.84
32.84
32.87
32.87
32.87
32.87
32.87
32.87
32.87
32.87
32.87
32.87
32.87
32.87
32.87
32.87
32.87
32.87
32.84
32.84
32.84
32.84
32.89
32.89
32.89
32.89
32.84
32.84
32.84
32.84
32.87
32.87
32.87
32.87
32.89
32.89
32.89
32.89
32.89
32.89
32.89
32.89
32.89
32.89
32.89
32.89
32.89
32.89
32.89
32.89
32.89
32.89
32.89
32.89
32.87
32.87
32.87
32.87
32.87
32.87
32.87
32.87
32.89
32.89
32.89
32.89
32.89
32.89
32.89
32.89
32.89
32.89
32.89
32.89
32.91
32.91
32.91
32.91
32.89
32.89
32.89
32.89
32.91
32.91
32.91
32.91
32.91
32.91
32.91
32.91
32.91
32.91
32.91
32.91
32.91
32.91
32.91
32.91
32.91
32.91
32.91
32.91
32.91
32.91
32.91
32.91
32.91
32.91
32.91
32.91
32.93
32.93
32.93
32.93
32.91
32.91
32.91
32.91
32.91
32.91
32.91
32.91
32.91
32.91
32.91
32.91
32.91
32.91
32.91
32.91
32.89
32.89
32.89
32.89
32.93
32.93
32.93
32.93
32.91
32.91
32.91
32.91
32.91
32.91
32.91
32.91
32.91
32.91
32.91
32.91
32.89
32.89
32.89
32.89
32.91
32.91
32.91
32.91
32.91
32.91
32.91
32.91
32.91
32.91
32.91
32.91
32.93
32.93
32.93
32.93
32.91
32.91
32.91
32.91
32.93
32.93
32.93
32.93
32.93
32.93
32.93
32.93
32.93
32.93
32.93
32.93
32.93
32.93
32.93
32.93
32.89
32.89
32.89
32.89
32.91
32.91
32.91
32.91
32.89
32.89
32.89
32.89
32.91
32.91
32.91
32.91
32.95
32.95
32.95
32.95
32.91
32.91
32.91
32.91
32.91
32.91
32.91
32.91
32.93
32.93
32.93
32.93
32.91
32.91
32.91
32.91
32.91
32.91
32.91
32.91
32.89
32.89
32.89
32.89
32.89
32.89
32.89
32.89
32.91
32.91
32.91
32.91
32.89
32.89
32.89
32.89
32.89
32.89
32.89
32.89
32.89
32.89
32.89
32.89
32.84
32.84
32.84
32.84
32.89
32.89
32.89
32.89
32.89
32.89
32.89
32.89
32.89
32.89
32.89
32.89
32.87
32.87
32.87
32.87
32.89
32.89
32.89
32.89
32.91
32.91
32.91
32.91
32.89
32.89
32.89
32.89
32.89
32.89
32.89
32.89
32.87
32.87
32.87
32.87
32.89
32.89
32.89
32.89
32.91
32.91
32.91
32.91
32.91
32.91
32.91
32.91
32.91
32.91
32.91
32.91
32.89
32.89
32.89
32.89
32.91
32.91
32.91
32.91
32.91
32.91
32.91
32.91
32.89
32.89
32.89
32.89
32.89
32.89
32.89
32.89
32.91
32.91
32.91
32.91
32.89
32.89
32.89
32.89
32.89
32.89
32.89
32.89
32.87
32.87
32.87
32.87
32.89
32.89
32.89
32.89
32.89
32.89
32.89
32.89
32.91
32.91
32.91
32.91
32.87
32.87
32.87
32.87
32.89
32.89
32.89
32.89
32.89
32.89
32.89
32.89
32.89
32.89
32.89
32.89
32.89
32.89
32.89
32.89
32.87
32.87
32.87
32.87
32.84
32.84
32.84
32.84
32.84
32.84
32.84
32.84
32.84
32.84
32.84
32.84
32.87
32.87
32.87
32.87
32.83
32.83
32.83
32.83
32.84
32.84
32.84
32.84
32.84
32.84
32.84
32.84
32.84
32.84
32.84
32.84
32.84
32.84
32.84
32.84
32.83
32.83
32.83
32.83
32.87
32.87
32.87
32.87
32.84
32.84
32.84
32.84
32.84
32.84
32.84
32.84
32.84
32.84
32.84
32.84
32.83
32.83
32.83
32.83
32.84
32.84
32.84
32.84
32.81
32.81
32.81
32.81
32.83
32.83
32.83
32.83
32.84
32.84
32.84
32.84
32.84
32.84
32.84
32.84
32.83
32.83
32.83
32.83
32.83
32.83
32.83
32.83
32.84
32.84
32.84
32.84
32.87
32.87
32.87
32.87
32.84
32.84
32.84
32.84
32.83
32.83
32.83
32.83
32.87
32.87
32.87
32.87
32.83
32.83
32.83
32.83
32.83
32.83
32.83
32.83
32.83
32.83
32.83
32.83
32.83
32.83
32.83
32.83
32.83
32.83
32.83
32.83
32.83
32.83
32.83
32.83
32.79
32.79
32.79
32.79
32.83
32.83
32.83
32.83
32.83
32.83
32.83
32.83
32.83
32.83
32.83
32.83
32.81
32.81
32.81
32.81
32.81
32.81
32.81
32.81
32.81
32.81
32.81
32.81
32.84
32.84
32.84
32.84
32.81
32.81
32.81
32.81
32.81
32.81
32.81
32.81
32.83
32.83
32.83
32.83
32.81
32.81
32.81
32.81
32.83
32.83
32.83
32.83
32.83
32.83
32.83
32.83
32.81
32.81
32.81
32.81
32.81
32.81
32.81
32.81
32.83
32.83
32.83
32.83
32.81
32.81
32.81
32.81
32.83
32.83
32.83
32.83
32.83
32.83
32.83
32.83
32.83
32.83
32.83
32.83
32.79
32.79
32.79
32.79
32.81
32.81
32.81
32.81
32.79
32.79
32.79
32.79
32.81
32.81
32.81
32.81
32.83
32.83
32.83
32.83
32.81
32.81
32.81
32.81
32.81
32.81
32.81
32.81
32.79
32.79
32.79
32.79
32.81
32.81
32.81
32.81
32.77
32.77
32.77
32.77
32.81
32.81
32.81
32.81
32.77
32.77
32.77
32.77
32.77
32.77
32.77
32.77
32.77
32.77
32.77
32.77
32.79
32.79
32.79
32.79
32.79
32.79
32.79
32.79
32.79
32.79
32.79
32.79
32.77
32.77
32.77
32.77
32.77
32.77
32.77
32.77
32.77
32.77
32.77
32.77
32.77
32.77
32.77
32.77
32.77
32.77
32.77
32.77
32.79
32.79
32.79
32.79
32.79
32.79
32.79
32.79
32.77
32.77
32.77
32.77
32.77
32.77
32.77
32.77
32.77
32.77
32.77
32.77
32.75
32.75
32.75
32.75
32.77
32.77
32.77
32.77
32.77
32.77
32.77
32.77
32.75
32.75
32.75
32.75
32.75
32.75
32.75
32.75
32.75
32.75
32.75
32.75
32.73
32.73
32.73
32.73
32.71
32.71
32.71
32.71
32.75
32.75
32.75
32.75
32.73
32.73
32.73
32.73
32.75
32.75
32.75
32.75
32.73
32.73
32.73
32.73
32.75
32.75
32.75
32.75
32.71
32.71
32.71
32.71
32.73
32.73
32.73
32.73
32.75
32.75
32.75
32.75
32.73
32.73
32.73
32.73
32.73
32.73
32.73
32.73
32.75
32.75
32.75
32.75
32.73
32.73
32.73
32.73
32.71
32.71
32.71
32.71
32.73
32.73
32.73
32.73
32.73
32.73
32.73
32.73
32.75
32.75
32.75
32.75
32.75
32.75
32.75
32.75
32.75
32.75
32.75
32.75
32.73
32.73
32.73
32.73
32.73
32.73
32.73
32.73
32.73
32.73
32.73
32.73
32.75
32.75
32.75
32.75
32.73
32.73
32.73
32.73
32.71
32.71
32.71
32.71
32.71
32.71
32.71
32.71
32.73
32.73
32.73
32.73
32.71
32.71
32.71
32.71
32.73
32.73
32.73
32.73
32.73
32.73
32.73
32.73
32.71
32.71
32.71
32.71
32.71
32.71
32.71
32.71
32.71
32.71
32.71
32.71
32.75
32.75
32.75
32.75
32.75
32.75
32.75
32.75
32.77
32.77
32.77
32.77
32.75
32.75
32.75
32.75
32.75
32.75
32.75
32.75
32.77
32.77
32.77
32.77
32.73
32.73
32.73
32.73
32.77
32.77
32.77
32.77
32.77
32.77
32.77
32.77
32.73
32.73
32.73
32.73
32.73
32.73
32.73
32.73
32.77
32.77
32.77
32.77
32.75
32.75
32.75
32.75
32.73
32.73
32.73
32.73
32.73
32.73
32.73
32.73
32.77
32.77
32.77
32.77
32.75
32.75
32.75
32.75
32.73
32.73
32.73
32.73
32.75
32.75
32.75
32.75
32.77
32.77
32.77
32.77
32.75
32.75
32.75
32.75
32.75
32.75
32.75
32.75
32.75
32.75
32.75
32.75
32.79
32.79
32.79
32.79
32.75
32.75
32.75
32.75
32.75
32.75
32.75
32.75
32.75
32.75
32.75
32.75
32.75
32.75
32.75
32.75
32.75
32.75
32.75
32.75
32.73
32.73
32.73
32.73
32.75
32.75
32.75
32.75
32.73
32.73
32.73
32.73
32.73
32.73
32.73
32.73
32.73
32.73
32.73
32.73
32.75
32.75
32.75
32.75
32.71
32.71
32.71
32.71
32.73
32.73
32.73
32.73
32.73
32.73
32.73
32.73
32.73
32.73
32.73
32.73
32.73
32.73
32.73
32.73
32.73
32.73
32.73
32.73
32.73
32.73
32.73
32.73
32.71
32.71
32.71
32.71
32.73
32.73
32.73
32.73
32.71
32.71
32.71
32.71
32.73
32.73
32.73
32.73
32.71
32.71
32.71
32.71
32.71
32.71
32.71
32.71
32.71
32.71
32.71
32.71
32.73
32.73
32.73
32.73
32.73
32.73
32.73
32.73
32.73
32.73
32.73
32.73
32.73
32.73
32.73
32.73
32.71
32.71
32.71
32.71
32.73
32.73
32.73
32.73
32.73
32.73
32.73
32.73
32.75
32.75
32.75
32.75
32.75
32.75
32.75
32.75
32.75
32.75
32.75
32.75
32.75
32.75
32.75
32.75
32.75
32.75
32.75
32.75
32.73
32.73
32.73
32.73
32.73
32.73
32.73
32.73
32.73
32.73
32.73
32.73
32.73
32.73
32.73
32.73
32.73
32.73
32.73
32.73
32.75
32.75
32.75
32.75
32.73
32.73
32.73
32.73
32.75
32.75
32.75
32.75
32.75
32.75
32.75
32.75
32.73
32.73
32.73
32.73
32.73
32.73
32.73
32.73
32.71
32.71
32.71
32.71
32.71
32.71
32.71
32.71
32.73
32.73
32.73
32.73
32.71
32.71
32.71
32.71
32.71
32.71
32.71
32.71
32.73
32.73
32.73
32.73
32.71
32.71
32.71
32.71
32.73
32.73
32.73
32.73
32.73
32.73
32.73
32.73
32.73
32.73
32.73
32.73
32.73
32.73
32.73
32.73
32.77
32.77
32.77
32.77
32.73
32.73
32.73
32.73
32.73
32.73
32.73
32.73
32.75
32.75
32.75
32.75
32.71
32.71
32.71
32.71
32.73
32.73
32.73
32.73
32.75
32.75
32.75
32.75
32.75
32.75
32.75
32.75
32.75
32.75
32.75
32.75
32.71
32.71
32.71
32.71
32.73
32.73
32.73
32.73
32.73
32.73
32.73
32.73
32.71
32.71
32.71
32.71
32.73
32.73
32.73
32.73
32.73
32.73
32.73
32.73
32.73
32.73
32.73
32.73
32.73
32.73
32.73
32.73
32.71
32.71
32.71
32.71
32.73
32.73
32.73
32.73
32.73
32.73
32.73
32.73
32.73
32.73
32.73
32.73
32.73
32.73
32.73
32.73
32.73
32.73
32.73
32.73
32.73
32.73
32.73
32.73
32.71
32.71
32.71
32.71
32.73
32.73
32.73
32.73
32.73
32.73
32.73
32.73
32.73
32.73
32.73
32.73
32.73
32.73
32.73
32.73
32.73
32.73
32.73
32.73
32.73
32.73
32.73
32.73
32.73
32.73
32.73
32.73
32.71
32.71
32.71
32.71
32.73
32.73
32.73
32.73
32.71
32.71
32.71
32.71
32.73
32.73
32.73
32.73
32.73
32.73
32.73
32.73
32.71
32.71
32.71
32.71
32.73
32.73
32.73
32.73
32.73
32.73
32.73
32.73
32.73
32.73
32.73
32.73
32.71
32.71
32.71
32.71
32.73
32.73
32.73
32.73
32.73
32.73
32.73
32.73
32.71
32.71
32.71
32.71
32.71
32.71
32.71
32.71
32.71
32.71
32.71
32.71
32.73
32.73
32.73
32.73
32.73
32.73
32.73
32.73
32.73
32.73
32.73
32.73
32.75
32.75
32.75
32.75
32.73
32.73
32.73
32.73
32.73
32.73
32.73
32.73
32.75
32.75
32.75
32.75
32.73
32.73
32.73
32.73
32.75
32.75
32.75
32.75
32.75
32.75
32.75
32.75
32.71
32.71
32.71
32.71
32.73
32.73
32.73
32.73
32.71
32.71
32.71
32.71
32.71
32.71
32.71
32.71
32.68
32.68
32.68
32.68
32.71
32.71
32.71
32.71
32.71
32.71
32.71
32.71
32.73
32.73
32.73
32.73
32.71
32.71
32.71
32.71
32.73
32.73
32.73
32.73
32.73
32.73
32.73
32.73
32.73
32.73
32.73
32.73
32.73
32.73
32.73
32.73
32.73
32.73
32.73
32.73
32.73
32.73
32.73
32.73
32.73
32.73
32.73
32.73
32.73
32.73
32.73
32.73
32.75
32.75
32.75
32.75
32.71
32.71
32.71
32.71
32.73
32.73
32.73
32.73
32.73
32.73
32.73
32.73
32.73
32.73
32.73
32.73
32.75
32.75
32.75
32.75
32.77
32.77
32.77
32.77
32.75
32.75
32.75
32.75
32.73
32.73
32.73
32.73
32.75
32.75
32.75
32.75
32.75
32.75
32.75
32.75
32.73
32.73
32.73
32.73
32.75
32.75
32.75
32.75
32.73
32.73
32.73
32.73
32.73
32.73
32.73
32.73
32.75
32.75
32.75
32.75
32.75
32.75
32.75
32.75
32.73
32.73
32.73
32.73
32.75
32.75
32.75
32.75
32.73
32.73
32.73
32.73
32.75
32.75
32.75
32.75
32.75
32.75
32.75
32.75
32.77
32.77
32.77
32.77
32.75
32.75
32.75
32.75
32.77
32.77
32.77
32.77
32.73
32.73
32.73
32.73
32.77
32.77
32.77
32.77
32.77
32.77
32.77
32.77
32.77
32.77
32.77
32.77
32.75
32.75
32.75
32.75
32.75
32.75
32.75
32.75
32.77
32.77
32.77
32.77
32.77
32.77
32.77
32.77
32.77
32.77
32.77
32.77
32.77
32.77
32.77
32.77
32.77
32.77
32.77
32.77
32.77
32.77
32.77
32.77
32.75
32.75
32.75
32.75
32.77
32.77
32.77
32.77
32.75
32.75
32.75
32.75
32.75
32.75
32.75
32.75
32.75
32.75
32.75
32.75
32.75
32.75
32.75
32.75
32.73
32.73
32.73
32.73
32.75
32.75
32.75
32.75
32.75
32.75
32.75
32.75
32.75
32.75
32.75
32.75
32.73
32.73
32.73
32.73
32.75
32.75
32.75
32.75
32.75
32.75
32.75
32.75
32.75
32.75
32.75
32.75
32.75
32.75
32.75
32.75
32.75
32.75
32.75
32.75
32.73
32.73
32.73
32.73
32.75
32.75
32.75
32.75
32.71
32.71
32.71
32.71
32.73
32.73
32.73
32.73
32.71
32.71
32.71
32.71
32.71
32.71
32.71
32.71
32.71
32.71
32.71
32.71
32.73
32.73
32.73
32.73
32.71
32.71
32.71
32.71
32.71
32.71
32.71
32.71
32.71
32.71
32.71
32.71
32.71
32.71
32.71
32.71
32.71
32.71
32.71
32.71
32.71
32.71
32.71
32.71
32.71
32.71
32.71
32.71
32.73
32.73
32.73
32.73
32.73
32.73
32.73
32.73
32.73
32.73
32.73
32.73
32.68
32.68
32.68
32.68
32.68
32.68
32.68
32.68
32.71
32.71
32.71
32.71
32.71
32.71
32.71
32.71
32.66
32.66
32.66
32.66
32.68
32.68
32.68
32.68
32.71
32.71
32.71
32.71
32.68
32.68
32.68
32.68
32.68
32.68
32.68
32.68
32.68
32.68
32.68
32.68
32.68
32.68
32.68
32.68
32.71
32.71
32.71
32.71
32.71
32.71
32.71
32.71
32.68
32.68
32.68
32.68
32.68
32.68
32.68
32.68
32.68
32.68
32.68
32.68
32.71
32.71
32.71
32.71
32.68
32.68
32.68
32.68
32.71
32.71
32.71
32.71
32.71
32.71
32.71
32.71
32.68
32.68
32.68
32.68
32.71
32.71
32.71
32.71
32.71
32.71
32.71
32.71
32.68
32.68
32.68
32.68
32.66
32.66
32.66
32.66
32.68
32.68
32.68
32.68
32.71
32.71
32.71
32.71
32.68
32.68
32.68
32.68
32.68
32.68
32.68
32.68
32.68
32.68
32.68
32.68
32.66
32.66
32.66
32.66
32.66
32.66
32.66
32.66
32.68
32.68
32.68
32.68
32.68
32.68
32.68
32.68
32.68
32.68
32.68
32.68
32.68
32.68
32.68
32.68
32.68
32.68
32.68
32.68
32.73
32.73
32.73
32.73
32.66
32.66
32.66
32.66
32.66
32.66
32.66
32.66
32.66
32.66
32.66
32.66
32.66
32.66
32.66
32.66
32.68
32.68
32.68
32.68
32.71
32.71
32.71
32.71
32.68
32.68
32.68
32.68
32.71
32.71
32.71
32.71
32.68
32.68
32.68
32.68
32.68
32.68
32.68
32.68
32.71
32.71
32.71
32.71
32.71
32.71
32.71
32.71
32.71
32.71
32.71
32.71
32.71
32.71
32.71
32.71
32.71
32.71
32.71
32.71
32.71
32.71
32.71
32.71
32.71
32.71
32.71
32.71
32.73
32.73
32.73
32.73
32.71
32.71
32.71
32.71
32.68
32.68
32.68
32.68
32.71
32.71
32.71
32.71
32.71
32.71
32.71
32.71
32.71
32.71
32.71
32.71
32.71
32.71
32.71
32.71
32.71
32.71
32.71
32.71
32.68
32.68
32.68
32.68
32.71
32.71
32.71
32.71
32.68
32.68
32.68
32.68
32.71
32.71
32.71
32.71
32.68
32.68
32.68
32.68
32.71
32.71
32.71
32.71
32.68
32.68
32.68
32.68
32.71
32.71
32.71
32.71
32.71
32.71
32.71
32.71
32.71
32.71
32.71
32.71
32.71
32.71
32.71
32.71
32.71
32.71
32.71
32.71
32.71
32.71
32.71
32.71
32.73
32.73
32.73
32.73
32.75
32.75
32.75
32.75
32.73
32.73
32.73
32.73
32.73
32.73
32.73
32.73
32.73
32.73
32.73
32.73
32.73
32.73
32.73
32.73
32.71
32.71
32.71
32.71
32.73
32.73
32.73
32.73
32.75
32.75
32.75
32.75
32.75
32.75
32.75
32.75
32.75
32.75
32.75
32.75
32.75
32.75
32.75
32.75
32.73
32.73
32.73
32.73
32.75
32.75
32.75
32.75
32.77
32.77
32.77
32.77
32.75
32.75
32.75
32.75
32.77
32.77
32.77
32.77
32.75
32.75
32.75
32.75
32.73
32.73
32.73
32.73
32.77
32.77
32.77
32.77
32.77
32.77
32.77
32.77
32.77
32.77
32.77
32.77
32.75
32.75
32.75
32.75
32.75
32.75
32.75
32.75
32.77
32.77
32.77
32.77
32.75
32.75
32.75
32.75
32.77
32.77
32.77
32.77
32.77
32.77
32.77
32.77
32.77
32.77
32.77
32.77
32.77
32.77
32.77
32.77
32.77
32.77
32.77
32.77
32.79
32.79
32.79
32.79
32.79
32.79
32.79
32.79
32.77
32.77
32.77
32.77
32.79
32.79
32.79
32.79
32.79
32.79
32.79
32.79
32.79
32.79
32.79
32.79
32.79
32.79
32.79
32.79
32.77
32.77
32.77
32.77
32.79
32.79
32.79
32.79
32.79
32.79
32.79
32.79
32.81
32.81
32.81
32.81
32.79
32.79
32.79
32.79
32.81
32.81
32.81
32.81
32.79
32.79
32.79
32.79
32.81
32.81
32.81
32.81
32.81
32.81
32.81
32.81
32.81
32.81
32.81
32.81
32.81
32.81
32.81
32.81
32.81
32.81
32.81
32.81
32.81
32.81
32.81
32.81
32.81
32.81
32.81
32.81
32.83
32.83
32.83
32.83
32.81
32.81
32.81
32.81
32.81
32.81
32.81
32.81
32.79
32.79
32.79
32.79
32.81
32.81
32.81
32.81
32.81
32.81
32.81
32.81
32.79
32.79
32.79
32.79
32.81
32.81
32.81
32.81
32.81
32.81
32.81
32.81
32.81
32.81
32.81
32.81
32.79
32.79
32.79
32.79
32.81
32.81
32.81
32.81
32.83
32.83
32.83
32.83
32.81
32.81
32.81
32.81
32.81
32.81
32.81
32.81
32.81
32.81
32.81
32.81
32.79
32.79
32.79
32.79
32.81
32.81
32.81
32.81
32.83
32.83
32.83
32.83
32.81
32.81
32.81
32.81
32.81
32.81
32.81
32.81
32.81
32.81
32.81
32.81
32.81
32.81
32.81
32.81
32.79
32.79
32.79
32.79
32.81
32.81
32.81
32.81
32.79
32.79
32.79
32.79
32.79
32.79
32.79
32.79
32.81
32.81
32.81
32.81
32.81
32.81
32.81
32.81
32.81
32.81
32.81
32.81
32.81
32.81
32.81
32.81
32.79
32.79
32.79
32.79
32.81
32.81
32.81
32.81
32.83
32.83
32.83
32.83
32.83
32.83
32.83
32.83
32.83
32.83
32.83
32.83
32.84
32.84
32.84
32.84
32.81
32.81
32.81
32.81
32.83
32.83
32.83
32.83
32.83
32.83
32.83
32.83
32.81
32.81
32.81
32.81
32.84
32.84
32.84
32.84
32.84
32.84
32.84
32.84
32.84
32.84
32.84
32.84
32.89
32.89
32.89
32.89
32.89
32.89
32.89
32.89
32.89
32.89
32.89
32.89
32.91
32.91
32.91
32.91
32.91
32.91
32.91
32.91
32.93
32.93
32.93
32.93
32.93
32.93
32.93
32.93
32.95
32.95
32.95
32.95
32.95
32.95
32.95
32.95
32.95
32.95
32.95
32.95
32.95
32.95
32.95
32.95
32.97
32.97
32.97
32.97
32.97
32.97
32.97
32.97
32.97
32.97
32.97
32.97
32.97
32.97
32.97
32.97
32.97
32.97
32.97
32.97
32.99
32.99
32.99
32.99
32.99
32.99
32.99
32.99
32.99
32.99
32.99
32.99
33.00
33.00
33.00
33.00
33.03
33.03
33.03
33.03
33.00
33.00
33.00
33.00
33.05
33.05
33.05
33.05
33.05
33.05
33.05
33.05
33.05
33.05
33.05
33.05
33.05
33.05
33.05
33.05
33.07
33.07
33.07
33.07
33.05
33.05
33.05
33.05
33.05
33.05
33.05
33.05
33.07
33.07
33.07
33.07
33.07
33.07
33.07
33.07
33.09
33.09
33.09
33.09
33.09
33.09
33.09
33.09
33.11
33.11
33.11
33.11
33.11
33.11
33.11
33.11
33.09
33.09
33.09
33.09
33.09
33.09
33.09
33.09
33.09
33.09
33.09
33.09
33.09
33.09
33.09
33.09
33.11
33.11
33.11
33.11
33.11
33.11
33.11
33.11
33.13
33.13
33.13
33.13
33.13
33.13
33.13
33.13
33.09
33.09
33.09
33.09
33.11
33.11
33.11
33.11
33.11
33.11
33.11
33.11
33.09
33.09
33.09
33.09
33.11
33.11
33.11
33.11
33.11
33.11
33.11
33.11
33.13
33.13
33.13
33.13
33.11
33.11
33.11
33.11
33.11
33.11
33.11
33.11
33.09
33.09
33.09
33.09
33.09
33.09
33.09
33.09
33.11
33.11
33.11
33.11
33.11
33.11
33.11
33.11
33.11
33.11
33.11
33.11
33.07
33.07
33.07
33.07
33.09
33.09
33.09
33.09
33.07
33.07
33.07
33.07
33.09
33.09
33.09
33.09
33.09
33.09
33.09
33.09
33.07
33.07
33.07
33.07
33.07
33.07
33.07
33.07
33.09
33.09
33.09
33.09
33.07
33.07
33.07
33.07
33.07
33.07
33.07
33.07
33.05
33.05
33.05
33.05
33.05
33.05
33.05
33.05
33.05
33.05
33.05
33.05
33.03
33.03
33.03
33.03
33.03
33.03
33.03
33.03
33.03
33.03
33.03
33.03
33.05
33.05
33.05
33.05
33.05
33.05
33.05
33.05
33.03
33.03
33.03
33.03
33.05
33.05
33.05
33.05
33.03
33.03
33.03
33.03
33.03
33.03
33.03
33.03
33.00
33.00
33.00
33.00
33.03
33.03
33.03
33.03
33.05
33.05
33.05
33.05
33.03
33.03
33.03
33.03
33.00
33.00
33.00
33.00
33.03
33.03
33.03
33.03
33.00
33.00
33.00
33.00
33.03
33.03
33.03
33.03
33.05
33.05
33.05
33.05
33.03
33.03
33.03
33.03
33.05
33.05
33.05
33.05
33.03
33.03
33.03
33.03
33.03
33.03
33.03
33.03
33.00
33.00
33.00
33.00
33.00
33.00
33.00
33.00
33.00
33.00
33.00
33.00
33.00
33.00
33.00
33.00
33.00
33.00
33.00
33.00
33.03
33.03
33.03
33.03
33.00
33.00
33.00
33.00
33.00
33.00
33.00
33.00
33.00
33.00
33.00
33.00
32.99
32.99
32.99
32.99
32.99
32.99
32.99
32.99
33.00
33.00
33.00
33.00
33.00
33.00
33.00
33.00
33.00
33.00
33.00
33.00
33.00
33.00
33.00
33.00
32.99
32.99
32.99
32.99
32.99
32.99
32.99
32.99
32.99
32.99
32.99
32.99
33.00
33.00
33.00
33.00
33.00
33.00
33.00
33.00
33.00
33.00
33.00
33.00
32.97
32.97
32.97
32.97
32.99
32.99
32.99
32.99
32.99
32.99
32.99
32.99
33.00
33.00
33.00
33.00
32.99
32.99
32.99
32.99
32.99
32.99
32.99
32.99
32.99
32.99
32.99
32.99
33.00
33.00
33.00
33.00
33.03
33.03
33.03
33.03
32.99
32.99
32.99
32.99
33.00
33.00
33.00
33.00
32.99
32.99
32.99
32.99
33.00
33.00
33.00
33.00
33.00
33.00
33.00
33.00
32.99
32.99
32.99
32.99
32.99
32.99
32.99
32.99
32.99
32.99
32.99
32.99
32.95
32.95
32.95
32.95
32.97
32.97
32.97
32.97
32.99
32.99
32.99
32.99
32.99
32.99
32.99
32.99
32.99
32.99
32.99
32.99
33.00
33.00
33.00
33.00
33.00
33.00
33.00
33.00
32.99
32.99
32.99
32.99
33.00
33.00
33.00
33.00
32.99
32.99
32.99
32.99
32.99
32.99
32.99
32.99
33.00
33.00
33.00
33.00
32.99
32.99
32.99
32.99
32.97
32.97
32.97
32.97
32.97
32.97
32.97
32.97
32.99
32.99
32.99
32.99
32.97
32.97
32.97
32.97
32.95
32.95
32.95
32.95
32.95
32.95
32.95
32.95
32.97
32.97
32.97
32.97
32.97
32.97
32.97
32.97
32.97
32.97
32.97
32.97
32.95
32.95
32.95
32.95
32.95
32.95
32.95
32.95
32.95
32.95
32.95
32.95
32.95
32.95
32.95
32.95
32.95
32.95
32.95
32.95
32.97
32.97
32.97
32.97
32.93
32.93
32.93
32.93
32.95
32.95
32.95
32.95
32.95
32.95
32.95
32.95
32.95
32.95
32.95
32.95
32.93
32.93
32.93
32.93
32.95
32.95
32.95
32.95
32.95
32.95
32.95
32.95
32.95
32.95
32.95
32.95
32.97
32.97
32.97
32.97
32.95
32.95
32.95
32.95
32.95
32.95
32.95
32.95
32.95
32.95
32.95
32.95
32.95
32.95
32.95
32.95
32.97
32.97
32.97
32.97
32.95
32.95
32.95
32.95
32.95
32.95
32.95
32.95
32.95
32.95
32.95
32.95
32.97
32.97
32.97
32.97
32.97
32.97
32.97
32.97
32.95
32.95
32.95
32.95
32.95
32.95
32.95
32.95
32.95
32.95
32.95
32.95
32.95
32.95
32.95
32.95
32.99
32.99
32.99
32.99
32.97
32.97
32.97
32.97
32.97
32.97
32.97
32.97
32.97
32.97
32.97
32.97
32.97
32.97
32.97
32.97
32.97
32.97
32.97
32.97
32.97
32.97
32.97
32.97
32.97
32.97
32.97
32.97
32.97
32.97
32.97
32.97
32.99
32.99
32.99
32.99
32.97
32.97
32.97
32.97
32.97
32.97
32.97
32.97
32.95
32.95
32.95
32.95
32.99
32.99
32.99
32.99
32.97
32.97
32.97
32.97
32.95
32.95
32.95
32.95
32.97
32.97
32.97
32.97
32.97
32.97
32.97
32.97
32.95
32.95
32.95
32.95
32.97
32.97
32.97
32.97
33.00
33.00
33.00
33.00
33.00
33.00
33.00
33.00
32.99
32.99
32.99
32.99
33.00
33.00
33.00
33.00
33.03
33.03
33.03
33.03
33.00
33.00
33.00
33.00
33.03
33.03
33.03
33.03
33.03
33.03
33.03
33.03
33.03
33.03
33.03
33.03
33.03
33.03
33.03
33.03
33.00
33.00
33.00
33.00
33.03
33.03
33.03
33.03
33.03
33.03
33.03
33.03
33.05
33.05
33.05
33.05
33.07
33.07
33.07
33.07
33.07
33.07
33.07
33.07
33.07
33.07
33.07
33.07
33.07
33.07
33.07
33.07
33.11
33.11
33.11
33.11
33.11
33.11
33.11
33.11
33.09
33.09
33.09
33.09
33.09
33.09
33.09
33.09
33.11
33.11
33.11
33.11
33.13
33.13
33.13
33.13
33.11
33.11
33.11
33.11
33.11
33.11
33.11
33.11
33.15
33.15
33.15
33.15
33.13
33.13
33.13
33.13
33.15
33.15
33.15
33.15
33.15
33.15
33.15
33.15
33.13
33.13
33.13
33.13
33.13
33.13
33.13
33.13
33.11
33.11
33.11
33.11
33.11
33.11
33.11
33.11
33.13
33.13
33.13
33.13
33.11
33.11
33.11
33.11
33.11
33.11
33.11
33.11
33.13
33.13
33.13
33.13
33.11
33.11
33.11
33.11
33.13
33.13
33.13
33.13
33.13
33.13
33.13
33.13
33.11
33.11
33.11
33.11
33.11
33.11
33.11
33.11
33.11
33.11
33.11
33.11
33.15
33.15
33.15
33.15
33.13
33.13
33.13
33.13
33.15
33.15
33.15
33.15
33.13
33.13
33.13
33.13
33.13
33.13
33.13
33.13
33.16
33.16
33.16
33.16
33.16
33.16
33.16
33.16
33.16
33.16
33.16
33.16
33.16
33.16
33.16
33.16
33.15
33.15
33.15
33.15
33.16
33.16
33.16
33.16
33.16
33.16
33.16
33.16
33.18
33.18
33.18
33.18
33.16
33.16
33.16
33.16
33.16
33.16
33.16
33.16
33.16
33.16
33.16
33.16
33.13
33.13
33.13
33.13
33.15
33.15
33.15
33.15
33.16
33.16
33.16
33.16
33.18
33.18
33.18
33.18
33.16
33.16
33.16
33.16
33.16
33.16
33.16
33.16
33.16
33.16
33.16
33.16
33.16
33.16
33.16
33.16
33.18
33.18
33.18
33.18
33.16
33.16
33.16
33.16
33.18
33.18
33.18
33.18
33.18
33.18
33.18
33.18
33.21
33.21
33.21
33.21
33.21
33.21
33.21
33.21
33.18
33.18
33.18
33.18
33.18
33.18
33.18
33.18
33.18
33.18
33.18
33.18
33.16
33.16
33.16
33.16
33.18
33.18
33.18
33.18
33.18
33.18
33.18
33.18
33.18
33.18
33.18
33.18
33.21
33.21
33.21
33.21
33.18
33.18
33.18
33.18
33.21
33.21
33.21
33.21
33.18
33.18
33.18
33.18
33.18
33.18
33.18
33.18
33.16
33.16
33.16
33.16
33.21
33.21
33.21
33.21
33.21
33.21
33.21
33.21
33.18
33.18
33.18
33.18
33.18
33.18
33.18
33.18
33.21
33.21
33.21
33.21
33.18
33.18
33.18
33.18
33.18
33.18
33.18
33.18
33.18
33.18
33.18
33.18
33.18
33.18
33.18
33.18
33.18
33.18
33.18
33.18
33.18
33.18
33.18
33.18
33.18
33.18
33.18
33.18
33.16
33.16
33.16
33.16
33.16
33.16
33.16
33.16
33.16
33.16
33.16
33.16
33.21
33.21
33.21
33.21
33.18
33.18
33.18
33.18
33.18
33.18
33.18
33.18
33.21
33.21
33.21
33.21
33.16
33.16
33.16
33.16
33.15
33.15
33.15
33.15
33.16
33.16
33.16
33.16
33.16
33.16
33.16
33.16
33.16
33.16
33.16
33.16
33.18
33.18
33.18
33.18
33.16
33.16
33.16
33.16
33.16
33.16
33.16
33.16
33.16
33.16
33.16
33.16
33.16
33.16
33.16
33.16
33.16
33.16
33.16
33.16
33.16
33.16
33.16
33.16
33.15
33.15
33.15
33.15
33.15
33.15
33.15
33.15
33.16
33.16
33.16
33.16
33.15
33.15
33.15
33.15
33.16
33.16
33.16
33.16
33.15
33.15
33.15
33.15
33.13
33.13
33.13
33.13
33.15
33.15
33.15
33.15
33.15
33.15
33.15
33.15
33.15
33.15
33.15
33.15
33.15
33.15
33.15
33.15
33.13
33.13
33.13
33.13
33.16
33.16
33.16
33.16
33.13
33.13
33.13
33.13
33.13
33.13
33.13
33.13
33.15
33.15
33.15
33.15
33.13
33.13
33.13
33.13
33.13
33.13
33.13
33.13
33.15
33.15
33.15
33.15
33.13
33.13
33.13
33.13
33.13
33.13
33.13
33.13
33.15
33.15
33.15
33.15
33.11
33.11
33.11
33.11
33.13
33.13
33.13
33.13
33.15
33.15
33.15
33.15
33.15
33.15
33.15
33.15
33.13
33.13
33.13
33.13
33.15
33.15
33.15
33.15
33.13
33.13
33.13
33.13
33.11
33.11
33.11
33.11
33.13
33.13
33.13
33.13
33.15
33.15
33.15
33.15
33.13
33.13
33.13
33.13
33.13
33.13
33.13
33.13
33.13
33.13
33.13
33.13
33.15
33.15
33.15
33.15
33.13
33.13
33.13
33.13
33.11
33.11
33.11
33.11
33.15
33.15
33.15
33.15
33.13
33.13
33.13
33.13
33.13
33.13
33.13
33.13
33.13
33.13
33.13
33.13
33.13
33.13
33.13
33.13
33.11
33.11
33.11
33.11
33.11
33.11
33.11
33.11
33.11
33.11
33.11
33.11
33.13
33.13
33.13
33.13
33.13
33.13
33.13
33.13
33.13
33.13
33.13
33.13
33.13
33.13
33.13
33.13
33.15
33.15
33.15
33.15
33.15
33.15
33.15
33.15
33.13
33.13
33.13
33.13
33.16
33.16
33.16
33.16
33.15
33.15
33.15
33.15
33.15
33.15
33.15
33.15
33.15
33.15
33.15
33.15
33.16
33.16
33.16
33.16
33.13
33.13
33.13
33.13
33.15
33.15
33.15
33.15
33.16
33.16
33.16
33.16
33.15
33.15
33.15
33.15
33.16
33.16
33.16
33.16
33.18
33.18
33.18
33.18
33.18
33.18
33.18
33.18
33.18
33.18
33.18
33.18
33.21
33.21
33.21
33.21
33.18
33.18
33.18
33.18
33.21
33.21
33.21
33.21
33.18
33.18
33.18
33.18
33.21
33.21
33.21
33.21
33.21
33.21
33.21
33.21
33.18
33.18
33.18
33.18
33.21
33.21
33.21
33.21
33.16
33.16
33.16
33.16
33.21
33.21
33.21
33.21
33.16
33.16
33.16
33.16
33.16
33.16
33.16
33.16
33.16
33.16
33.16
33.16
33.18
33.18
33.18
33.18
33.18
33.18
33.18
33.18
33.16
33.16
33.16
33.16
33.16
33.16
33.16
33.16
33.15
33.15
33.15
33.15
33.13
33.13
33.13
33.13
33.15
33.15
33.15
33.15
33.16
33.16
33.16
33.16
33.13
33.13
33.13
33.13
33.15
33.15
33.15
33.15
33.16
33.16
33.16
33.16
33.13
33.13
33.13
33.13
33.15
33.15
33.15
33.15
33.11
33.11
33.11
33.11
33.15
33.15
33.15
33.15
33.13
33.13
33.13
33.13
33.11
33.11
33.11
33.11
33.13
33.13
33.13
33.13
33.13
33.13
33.13
33.13
33.11
33.11
33.11
33.11
33.11
33.11
33.11
33.11
33.11
33.11
33.11
33.11
33.13
33.13
33.13
33.13
33.13
33.13
33.13
33.13
33.11
33.11
33.11
33.11
33.09
33.09
33.09
33.09
33.09
33.09
33.09
33.09
33.11
33.11
33.11
33.11
33.11
33.11
33.11
33.11
33.07
33.07
33.07
33.07
33.05
33.05
33.05
33.05
33.07
33.07
33.07
33.07
33.05
33.05
33.05
33.05
33.05
33.05
33.05
33.05
33.05
33.05
33.05
33.05
33.05
33.05
33.05
33.05
33.03
33.03
33.03
33.03
33.03
33.03
33.03
33.03
33.03
33.03
33.03
33.03
33.03
33.03
33.03
33.03
33.05
33.05
33.05
33.05
33.05
33.05
33.05
33.05
33.03
33.03
33.03
33.03
33.03
33.03
33.03
33.03
33.05
33.05
33.05
33.05
33.05
33.05
33.05
33.05
33.05
33.05
33.05
33.05
33.07
33.07
33.07
33.07
33.07
33.07
33.07
33.07
33.11
33.11
33.11
33.11
33.09
33.09
33.09
33.09
33.11
33.11
33.11
33.11
33.11
33.11
33.11
33.11
33.13
33.13
33.13
33.13
33.11
33.11
33.11
33.11
33.11
33.11
33.11
33.11
33.13
33.13
33.13
33.13
33.11
33.11
33.11
33.11
33.11
33.11
33.11
33.11
33.13
33.13
33.13
33.13
33.13
33.13
33.13
33.13
33.13
33.13
33.13
33.13
33.13
33.13
33.13
33.13
33.13
33.13
33.13
33.13
33.15
33.15
33.15
33.15
33.13
33.13
33.13
33.13
33.11
33.11
33.11
33.11
33.13
33.13
33.13
33.13
33.11
33.11
33.11
33.11
33.13
33.13
33.13
33.13
33.07
33.07
33.07
33.07
33.09
33.09
33.09
33.09
33.07
33.07
33.07
33.07
33.07
33.07
33.07
33.07
33.07
33.07
33.07
33.07
33.07
33.07
33.07
33.07
33.07
33.07
33.07
33.07
33.09
33.09
33.09
33.09
33.05
33.05
33.05
33.05
33.07
33.07
33.07
33.07
33.05
33.05
33.05
33.05
33.07
33.07
33.07
33.07
33.07
33.07
33.07
33.07
33.07
33.07
33.07
33.07
33.07
33.07
33.07
33.07
33.05
33.05
33.05
33.05
33.07
33.07
33.07
33.07
33.05
33.05
33.05
33.05
33.05
33.05
33.05
33.05
33.05
33.05
33.05
33.05
33.03
33.03
33.03
33.03
33.03
33.03
33.03
33.03
33.03
33.03
33.03
33.03
33.03
33.03
33.03
33.03
33.03
33.03
33.03
33.03
33.03
33.03
33.03
33.03
33.05
33.05
33.05
33.05
33.05
33.05
33.05
33.05
33.03
33.03
33.03
33.03
33.07
33.07
33.07
33.07
33.03
33.03
33.03
33.03
33.07
33.07
33.07
33.07
33.03
33.03
33.03
33.03
33.03
33.03
33.03
33.03
33.03
33.03
33.03
33.03
33.03
33.03
33.03
33.03
33.05
33.05
33.05
33.05
33.03
33.03
33.03
33.03
33.05
33.05
33.05
33.05
33.03
33.03
33.03
33.03
33.03
33.03
33.03
33.03
33.05
33.05
33.05
33.05
33.05
33.05
33.05
33.05
33.03
33.03
33.03
33.03
33.03
33.03
33.03
33.03
33.03
33.03
33.03
33.03
33.05
33.05
33.05
33.05
33.05
33.05
33.05
33.05
33.05
33.05
33.05
33.05
33.03
33.03
33.03
33.03
33.03
33.03
33.03
33.03
33.05
33.05
33.05
33.05
33.05
33.05
33.05
33.05
33.07
33.07
33.07
33.07
33.07
33.07
33.07
33.07
33.05
33.05
33.05
33.05
33.09
33.09
33.09
33.09
33.07
33.07
33.07
33.07
33.07
33.07
33.07
33.07
33.09
33.09
33.09
33.09
33.09
33.09
33.09
33.09
33.09
33.09
33.09
33.09
33.09
33.09
33.09
33.09
33.09
33.09
33.09
33.09
33.09
33.09
33.09
33.09
33.07
33.07
33.07
33.07
33.07
33.07
33.07
33.07
33.07
33.07
33.07
33.07
33.07
33.07
33.07
33.07
33.09
33.09
33.09
33.09
33.07
33.07
33.07
33.07
33.07
33.07
33.07
33.07
33.07
33.07
33.07
33.07
33.09
33.09
33.09
33.09
33.09
33.09
33.09
33.09
33.07
33.07
33.07
33.07
33.07
33.07
33.07
33.07
33.05
33.05
33.05
33.05
33.09
33.09
33.09
33.09
33.07
33.07
33.07
33.07
33.05
33.05
33.05
33.05
33.05
33.05
33.05
33.05
33.07
33.07
33.07
33.07
33.09
33.09
33.09
33.09
33.07
33.07
33.07
33.07
33.09
33.09
33.09
33.09
33.09
33.09
33.09
33.09
33.09
33.09
33.09
33.09
33.09
33.09
33.09
33.09
33.07
33.07
33.07
33.07
33.05
33.05
33.05
33.05
33.05
33.05
33.05
33.05
33.07
33.07
33.07
33.07
33.07
33.07
33.07
33.07
33.05
33.05
33.05
33.05
33.07
33.07
33.07
33.07
33.05
33.05
33.05
33.05
33.07
33.07
33.07
33.07
33.07
33.07
33.07
33.07
33.05
33.05
33.05
33.05
33.05
33.05
33.05
33.05
33.05
33.05
33.05
33.05
33.03
33.03
33.03
33.03
33.03
33.03
33.03
33.03
33.03
33.03
33.03
33.03
33.03
33.03
33.03
33.03
33.05
33.05
33.05
33.05
33.00
33.00
33.00
33.00
33.05
33.05
33.05
33.05
33.05
33.05
33.05
33.05
33.03
33.03
33.03
33.03
33.05
33.05
33.05
33.05
33.05
33.05
33.05
33.05
33.03
33.03
33.03
33.03
33.03
33.03
33.03
33.03
33.03
33.03
33.03
33.03
33.05
33.05
33.05
33.05
33.05
33.05
33.05
33.05
33.05
33.05
33.05
33.05
33.05
33.05
33.05
33.05
33.05
33.05
33.05
33.05
33.03
33.03
33.03
33.03
33.05
33.05
33.05
33.05
33.05
33.05
33.05
33.05
33.03
33.03
33.03
33.03
33.07
33.07
33.07
33.07
33.05
33.05
33.05
33.05
33.05
33.05
33.05
33.05
33.03
33.03
33.03
33.03
33.05
33.05
33.05
33.05
33.00
33.00
33.00
33.00
33.03
33.03
33.03
33.03
33.05
33.05
33.05
33.05
33.05
33.05
33.05
33.05
33.00
33.00
33.00
33.00
33.05
33.05
33.05
33.05
33.03
33.03
33.03
33.03
33.03
33.03
33.03
33.03
33.03
33.03
33.03
33.03
33.03
33.03
33.03
33.03
33.03
33.03
33.03
33.03
33.05
33.05
33.05
33.05
33.03
33.03
33.03
33.03
33.00
33.00
33.00
33.00
33.05
33.05
33.05
33.05
33.00
33.00
33.00
33.00
33.03
33.03
33.03
33.03
33.03
33.03
33.03
33.03
33.00
33.00
33.00
33.00
33.00
33.00
33.00
33.00
33.03
33.03
33.03
33.03
33.03
33.03
33.03
33.03
33.03
33.03
33.03
33.03
33.00
33.00
33.00
33.00
33.05
33.05
33.05
33.05
33.03
33.03
33.03
33.03
33.05
33.05
33.05
33.05
33.05
33.05
33.05
33.05
33.00
33.00
33.00
33.00
33.03
33.03
33.03
33.03
33.03
33.03
33.03
33.03
33.03
33.03
33.03
33.03
33.03
33.03
33.03
33.03
33.03
33.03
33.03
33.03
33.03
33.03
33.03
33.03
33.03
33.03
33.03
33.03
33.05
33.05
33.05
33.05
33.03
33.03
33.03
33.03
33.03
33.03
33.03
33.03
33.03
33.03
33.03
33.03
33.03
33.03
33.03
33.03
33.05
33.05
33.05
33.05
33.00
33.00
33.00
33.00
33.03
33.03
33.03
33.03
33.03
33.03
33.03
33.03
33.00
33.00
33.00
33.00
33.00
33.00
33.00
33.00
33.00
33.00
33.00
33.00
32.99
32.99
32.99
32.99
33.03
33.03
33.03
33.03
33.00
33.00
33.00
33.00
33.03
33.03
33.03
33.03
33.03
33.03
33.03
33.03
33.03
33.03
33.03
33.03
33.00
33.00
33.00
33.00
33.03
33.03
33.03
33.03
33.03
33.03
33.03
33.03
33.00
33.00
33.00
33.00
33.03
33.03
33.03
33.03
33.00
33.00
33.00
33.00
33.03
33.03
33.03
33.03
33.00
33.00
33.00
33.00
33.03
33.03
33.03
33.03
33.03
33.03
33.03
33.03
33.00
33.00
33.00
33.00
33.03
33.03
33.03
33.03
32.99
32.99
32.99
32.99
33.03
33.03
33.03
33.03
33.00
33.00
33.00
33.00
32.99
32.99
32.99
32.99
33.03
33.03
33.03
33.03
33.00
33.00
33.00
33.00
33.00
33.00
33.00
33.00
33.03
33.03
33.03
33.03
33.03
33.03
33.03
33.03
33.00
33.00
33.00
33.00
33.03
33.03
33.03
33.03
33.03
33.03
33.03
33.03
33.00
33.00
33.00
33.00
33.03
33.03
33.03
33.03
33.03
33.03
33.03
33.03
33.00
33.00
33.00
33.00
33.00
33.00
33.00
33.00
33.00
33.00
33.00
33.00
32.97
32.97
32.97
32.97
33.00
33.00
33.00
33.00
32.99
32.99
32.99
32.99
33.00
33.00
33.00
33.00
33.00
33.00
33.00
33.00
32.99
32.99
32.99
32.99
32.99
32.99
32.99
32.99
32.99
32.99
32.99
32.99
32.99
32.99
32.99
32.99
32.99
32.99
32.99
32.99
33.00
33.00
33.00
33.00
32.99
32.99
32.99
32.99
32.99
32.99
32.99
32.99
33.00
33.00
33.00
33.00
32.99
32.99
32.99
32.99
32.99
32.99
32.99
32.99
32.99
32.99
32.99
32.99
32.99
32.99
32.99
32.99
32.99
32.99
32.99
32.99
33.00
33.00
33.00
33.00
32.99
32.99
32.99
32.99
33.00
33.00
33.00
33.00
32.99
32.99
32.99
32.99
32.97
32.97
32.97
32.97
32.97
32.97
32.97
32.97
32.97
32.97
32.97
32.97
32.95
32.95
32.95
32.95
32.95
32.95
32.95
32.95
32.95
32.95
32.95
32.95
32.97
32.97
32.97
32.97
32.97
32.97
32.97
32.97
32.95
32.95
32.95
32.95
32.95
32.95
32.95
32.95
32.95
32.95
32.95
32.95
32.95
32.95
32.95
32.95
32.95
32.95
32.95
32.95
32.95
32.95
32.95
32.95
32.95
32.95
32.95
32.95
32.93
32.93
32.93
32.93
32.93
32.93
32.93
32.93
32.95
32.95
32.95
32.95
32.93
32.93
32.93
32.93
32.93
32.93
32.93
32.93
32.91
32.91
32.91
32.91
32.93
32.93
32.93
32.93
32.95
32.95
32.95
32.95
32.93
32.93
32.93
32.93
32.91
32.91
32.91
32.91
32.93
32.93
32.93
32.93
32.95
32.95
32.95
32.95
32.93
32.93
32.93
32.93
32.93
32.93
32.93
32.93
32.93
32.93
32.93
32.93
32.91
32.91
32.91
32.91
32.93
32.93
32.93
32.93
32.93
32.93
32.93
32.93
32.93
32.93
32.93
32.93
32.91
32.91
32.91
32.91
32.93
32.93
32.93
32.93
32.91
32.91
32.91
32.91
32.93
32.93
32.93
32.93
32.93
32.93
32.93
32.93
32.93
32.93
32.93
32.93
32.93
32.93
32.93
32.93
32.95
32.95
32.95
32.95
32.93
32.93
32.93
32.93
32.91
32.91
32.91
32.91
32.93
32.93
32.93
32.93
32.93
32.93
32.93
32.93
32.95
32.95
32.95
32.95
32.93
32.93
32.93
32.93
32.95
32.95
32.95
32.95
32.95
32.95
32.95
32.95
32.93
32.93
32.93
32.93
32.95
32.95
32.95
32.95
32.93
32.93
32.93
32.93
32.93
32.93
32.93
32.93
32.89
32.89
32.89
32.89
32.93
32.93
32.93
32.93
32.89
32.89
32.89
32.89
32.93
32.93
32.93
32.93
32.91
32.91
32.91
32.91
32.87
32.87
32.87
32.87
32.87
32.87
32.87
32.87
32.89
32.89
32.89
32.89
32.87
32.87
32.87
32.87
32.89
32.89
32.89
32.89
32.89
32.89
32.89
32.89
32.91
32.91
32.91
32.91
32.91
32.91
32.91
32.91
32.91
32.91
32.91
32.91
32.91
32.91
32.91
32.91
32.91
32.91
32.91
32.91
32.93
32.93
32.93
32.93
32.91
32.91
32.91
32.91
32.91
32.91
32.91
32.91
32.91
32.91
32.91
32.91
32.93
32.93
32.93
32.93
32.91
32.91
32.91
32.91
32.93
32.93
32.93
32.93
32.93
32.93
32.93
32.93
32.91
32.91
32.91
32.91
32.93
32.93
32.93
32.93
32.89
32.89
32.89
32.89
32.91
32.91
32.91
32.91
32.89
32.89
32.89
32.89
32.91
32.91
32.91
32.91
32.89
32.89
32.89
32.89
32.91
32.91
32.91
32.91
32.89
32.89
32.89
32.89
32.93
32.93
32.93
32.93
32.89
32.89
32.89
32.89
32.91
32.91
32.91
32.91
32.91
32.91
32.91
32.91
32.89
32.89
32.89
32.89
32.89
32.89
32.89
32.89
32.91
32.91
32.91
32.91
32.89
32.89
32.89
32.89
32.87
32.87
32.87
32.87
32.89
32.89
32.89
32.89
32.87
32.87
32.87
32.87
32.87
32.87
32.87
32.87
32.84
32.84
32.84
32.84
32.84
32.84
32.84
32.84
32.87
32.87
32.87
32.87
32.84
32.84
32.84
32.84
32.84
32.84
32.84
32.84
32.83
32.83
32.83
32.83
32.84
32.84
32.84
32.84
32.83
32.83
32.83
32.83
32.83
32.83
32.83
32.83
32.84
32.84
32.84
32.84
32.81
32.81
32.81
32.81
32.83
32.83
32.83
32.83
32.81
32.81
32.81
32.81
32.83
32.83
32.83
32.83
32.83
32.83
32.83
32.83
32.81
32.81
32.81
32.81
32.81
32.81
32.81
32.81
32.81
32.81
32.81
32.81
32.81
32.81
32.81
32.81
32.79
32.79
32.79
32.79
32.79
32.79
32.79
32.79
32.81
32.81
32.81
32.81
32.81
32.81
32.81
32.81
32.81
32.81
32.81
32.81
32.81
32.81
32.81
32.81
32.81
32.81
32.81
32.81
32.81
32.81
32.81
32.81
32.79
32.79
32.79
32.79
32.81
32.81
32.81
32.81
32.81
32.81
32.81
32.81
32.81
32.81
32.81
32.81
32.81
32.81
32.81
32.81
32.81
32.81
32.81
32.81
32.81
32.81
32.81
32.81
32.81
32.81
32.81
32.81
32.79
32.79
32.79
32.79
32.81
32.81
32.81
32.81
32.79
32.79
32.79
32.79
32.79
32.79
32.79
32.79
32.79
32.79
32.79
32.79
32.77
32.77
32.77
32.77
32.77
32.77
32.77
32.77
32.77
32.77
32.77
32.77
32.75
32.75
32.75
32.75
32.77
32.77
32.77
32.77
32.75
32.75
32.75
32.75
32.73
32.73
32.73
32.73
32.71
32.71
32.71
32.71
32.73
32.73
32.73
32.73
32.73
32.73
32.73
32.73
32.73
32.73
32.73
32.73
32.75
32.75
32.75
32.75
32.73
32.73
32.73
32.73
32.73
32.73
32.73
32.73
32.75
32.75
32.75
32.75
32.75
32.75
32.75
32.75
32.77
32.77
32.77
32.77
32.77
32.77
32.77
32.77
32.81
32.81
32.81
32.81
32.77
32.77
32.77
32.77
32.79
32.79
32.79
32.79
32.79
32.79
32.79
32.79
32.79
32.79
32.79
32.79
32.79
32.79
32.79
32.79
32.79
32.79
32.79
32.79
32.77
32.77
32.77
32.77
32.77
32.77
32.77
32.77
32.79
32.79
32.79
32.79
32.81
32.81
32.81
32.81
32.79
32.79
32.79
32.79
32.79
32.79
32.79
32.79
32.79
32.79
32.79
32.79
32.79
32.79
32.79
32.79
32.79
32.79
32.79
32.79
32.79
32.79
32.79
32.79
32.81
32.81
32.81
32.81
32.81
32.81
32.81
32.81
32.83
32.83
32.83
32.83
32.81
32.81
32.81
32.81
32.83
32.83
32.83
32.83
32.81
32.81
32.81
32.81
32.83
32.83
32.83
32.83
32.81
32.81
32.81
32.81
32.83
32.83
32.83
32.83
32.84
32.84
32.84
32.84
32.81
32.81
32.81
32.81
32.84
32.84
32.84
32.84
32.84
32.84
32.84
32.84
32.84
32.84
32.84
32.84
32.83
32.83
32.83
32.83
32.84
32.84
32.84
32.84
32.84
32.84
32.84
32.84
32.84
32.84
32.84
32.84
32.87
32.87
32.87
32.87
32.87
32.87
32.87
32.87
32.87
32.87
32.87
32.87
32.87
32.87
32.87
32.87
32.89
32.89
32.89
32.89
32.87
32.87
32.87
32.87
32.89
32.89
32.89
32.89
32.89
32.89
32.89
32.89
32.91
32.91
32.91
32.91
32.91
32.91
32.91
32.91
32.93
32.93
32.93
32.93
32.95
32.95
32.95
32.95
32.93
32.93
32.93
32.93
32.93
32.93
32.93
32.93
32.95
32.95
32.95
32.95
32.93
32.93
32.93
32.93
32.97
32.97
32.97
32.97
32.95
32.95
32.95
32.95
32.97
32.97
32.97
32.97
32.97
32.97
32.97
32.97
32.97
32.97
32.97
32.97
32.97
32.97
32.97
32.97
32.99
32.99
32.99
32.99
32.99
32.99
32.99
32.99
32.99
32.99
32.99
32.99
32.99
32.99
32.99
32.99
32.99
32.99
32.99
32.99
33.00
33.00
33.00
33.00
33.00
33.00
33.00
33.00
33.00
33.00
33.00
33.00
32.99
32.99
32.99
32.99
33.05
33.05
33.05
33.05
33.03
33.03
33.03
33.03
33.05
33.05
33.05
33.05
33.05
33.05
33.05
33.05
33.05
33.05
33.05
33.05
33.05
33.05
33.05
33.05
33.05
33.05
33.05
33.05
33.05
33.05
33.05
33.05
33.07
33.07
33.07
33.07
33.03
33.03
33.03
33.03
33.05
33.05
33.05
33.05
33.05
33.05
33.05
33.05
33.07
33.07
33.07
33.07
33.07
33.07
33.07
33.07
33.07
33.07
33.07
33.07
33.07
33.07
33.07
33.07
33.09
33.09
33.09
33.09
33.07
33.07
33.07
33.07
33.07
33.07
33.07
33.07
33.07
33.07
33.07
33.07
33.07
33.07
33.07
33.07
33.07
33.07
33.07
33.07
33.07
33.07
33.07
33.07
33.07
33.07
33.07
33.07
33.09
33.09
33.09
33.09
33.07
33.07
33.07
33.07
33.09
33.09
33.09
33.09
33.09
33.09
33.09
33.09
33.07
33.07
33.07
33.07
33.07
33.07
33.07
33.07
33.07
33.07
33.07
33.07
33.07
33.07
33.07
33.07
33.07
33.07
33.07
33.07
33.09
33.09
33.09
33.09
33.09
33.09
33.09
33.09
33.09
33.09
33.09
33.09
33.07
33.07
33.07
33.07
33.07
33.07
33.07
33.07
33.09
33.09
33.09
33.09
33.09
33.09
33.09
33.09
33.05
33.05
33.05
33.05
33.05
33.05
33.05
33.05
33.03
33.03
33.03
33.03
33.05
33.05
33.05
33.05
33.07
33.07
33.07
33.07
33.09
33.09
33.09
33.09
33.05
33.05
33.05
33.05
33.05
33.05
33.05
33.05
33.05
33.05
33.05
33.05
33.07
33.07
33.07
33.07
33.09
33.09
33.09
33.09
33.05
33.05
33.05
33.05
33.05
33.05
33.05
33.05
33.05
33.05
33.05
33.05
33.07
33.07
33.07
33.07
33.05
33.05
33.05
33.05
33.05
33.05
33.05
33.05
33.07
33.07
33.07
33.07
33.07
33.07
33.07
33.07
33.07
33.07
33.07
33.07
33.09
33.09
33.09
33.09
33.05
33.05
33.05
33.05
33.05
33.05
33.05
33.05
33.05
33.05
33.05
33.05
33.05
33.05
33.05
33.05
33.05
33.05
33.05
33.05
33.03
33.03
33.03
33.03
33.05
33.05
33.05
33.05
33.05
33.05
33.05
33.05
33.05
33.05
33.05
33.05
33.05
33.05
33.05
33.05
33.03
33.03
33.03
33.03
33.07
33.07
33.07
33.07
33.05
33.05
33.05
33.05
33.07
33.07
33.07
33.07
33.03
33.03
33.03
33.03
33.03
33.03
33.03
33.03
33.05
33.05
33.05
33.05
33.05
33.05
33.05
33.05
33.07
33.07
33.07
33.07
33.03
33.03
33.03
33.03
33.05
33.05
33.05
33.05
33.07
33.07
33.07
33.07
33.05
33.05
33.05
33.05
33.05
33.05
33.05
33.05
33.07
33.07
33.07
33.07
33.07
33.07
33.07
33.07
33.05
33.05
33.05
33.05
33.05
33.05
33.05
33.05
33.07
33.07
33.07
33.07
33.07
33.07
33.07
33.07
33.07
33.07
33.07
33.07
33.07
33.07
33.07
33.07
33.07
33.07
33.07
33.07
33.05
33.05
33.05
33.05
33.09
33.09
33.09
33.09
33.07
33.07
33.07
33.07
33.07
33.07
33.07
33.07
33.09
33.09
33.09
33.09
33.09
33.09
33.09
33.09
33.07
33.07
33.07
33.07
33.09
33.09
33.09
33.09
33.09
33.09
33.09
33.09
33.11
33.11
33.11
33.11
33.09
33.09
33.09
33.09
33.11
33.11
33.11
33.11
33.09
33.09
33.09
33.09
33.09
33.09
33.09
33.09
33.09
33.09
33.09
33.09
33.11
33.11
33.11
33.11
33.09
33.09
33.09
33.09
33.09
33.09
33.09
33.09
33.11
33.11
33.11
33.11
33.11
33.11
33.11
33.11
33.11
33.11
33.11
33.11
33.11
33.11
33.11
33.11
33.13
33.13
33.13
33.13
33.13
33.13
33.13
33.13
33.15
33.15
33.15
33.15
33.13
33.13
33.13
33.13
33.13
33.13
33.13
33.13
33.13
33.13
33.13
33.13
33.15
33.15
33.15
33.15
33.15
33.15
33.15
33.15
33.13
33.13
33.13
33.13
33.13
33.13
33.13
33.13
33.15
33.15
33.15
33.15
33.15
33.15
33.15
33.15
33.15
33.15
33.15
33.15
33.15
33.15
33.15
33.15
33.15
33.15
33.15
33.15
33.16
33.16
33.16
33.16
33.16
33.16
33.16
33.16
33.15
33.15
33.15
33.15
33.15
33.15
33.15
33.15
33.16
33.16
33.16
33.16
33.18
33.18
33.18
33.18
33.18
33.18
33.18
33.18
33.16
33.16
33.16
33.16
33.21
33.21
33.21
33.21
33.16
33.16
33.16
33.16
33.18
33.18
33.18
33.18
33.16
33.16
33.16
33.16
33.18
33.18
33.18
33.18
33.18
33.18
33.18
33.18
33.16
33.16
33.16
33.16
33.18
33.18
33.18
33.18
33.18
33.18
33.18
33.18
33.18
33.18
33.18
33.18
33.18
33.18
33.18
33.18
33.18
33.18
33.18
33.18
33.16
33.16
33.16
33.16
33.16
33.16
33.16
33.16
33.21
33.21
33.21
33.21
33.18
33.18
33.18
33.18
33.18
33.18
33.18
33.18
33.18
33.18
33.18
33.18
33.18
33.18
33.18
33.18
33.18
33.18
33.18
33.18
33.18
33.18
33.18
33.18
33.18
33.18
33.18
33.18
33.18
33.18
33.18
33.18
33.18
33.18
33.18
33.18
33.18
33.18
33.18
33.18
33.18
33.18
33.18
33.18
33.18
33.18
33.18
33.18
33.16
33.16
33.16
33.16
33.16
33.16
33.16
33.16
33.18
33.18
33.18
33.18
33.18
33.18
33.18
33.18
33.21
33.21
33.21
33.21
33.21
33.21
33.21
33.21
33.18
33.18
33.18
33.18
33.18
33.18
33.18
33.18
33.18
33.18
33.18
33.18
33.18
33.18
33.18
33.18
33.18
33.18
33.18
33.18
33.21
33.21
33.21
33.21
33.18
33.18
33.18
33.18
33.18
33.18
33.18
33.18
33.18
33.18
33.18
33.18
33.16
33.16
33.16
33.16
33.21
33.21
33.21
33.21
33.18
33.18
33.18
33.18
33.18
33.18
33.18
33.18
33.21
33.21
33.21
33.21
33.18
33.18
33.18
33.18
33.18
33.18
33.18
33.18
33.21
33.21
33.21
33.21
33.21
33.21
33.21
33.21
33.18
33.18
33.18
33.18
33.21
33.21
33.21
33.21
33.21
33.21
33.21
33.21
33.18
33.18
33.18
33.18
33.21
33.21
33.21
33.21
33.18
33.18
33.18
33.18
33.21
33.21
33.21
33.21
33.21
33.21
33.21
33.21
33.18
33.18
33.18
33.18
33.21
33.21
33.21
33.21
33.21
33.21
33.21
33.21
33.23
33.23
33.23
33.23
33.21
33.21
33.21
33.21
33.21
33.21
33.21
33.21
33.18
33.18
33.18
33.18
33.21
33.21
33.21
33.21
33.21
33.21
33.21
33.21
33.18
33.18
33.18
33.18
33.18
33.18
33.18
33.18
33.18
33.18
33.18
33.18
33.18
33.18
33.18
33.18
33.21
33.21
33.21
33.21
33.18
33.18
33.18
33.18
33.18
33.18
33.18
33.18
33.18
33.18
33.18
33.18
33.21
33.21
33.21
33.21
33.18
33.18
33.18
33.18
33.18
33.18
33.18
33.18
33.21
33.21
33.21
33.21
33.21
33.21
33.21
33.21
33.18
33.18
33.18
33.18
33.21
33.21
33.21
33.21
33.21
33.21
33.21
33.21
33.21
33.21
33.21
33.21
33.18
33.18
33.18
33.18
33.18
33.18
33.18
33.18
33.18
33.18
33.18
33.18
33.18
33.18
33.18
33.18
33.16
33.16
33.16
33.16
33.18
33.18
33.18
33.18
33.18
33.18
33.18
33.18
33.18
33.18
33.18
33.18
33.21
33.21
33.21
33.21
33.18
33.18
33.18
33.18
33.18
33.18
33.18
33.18
33.18
33.18
33.18
33.18
33.18
33.18
33.18
33.18
33.21
33.21
33.21
33.21
33.18
33.18
33.18
33.18
33.18
33.18
33.18
33.18
33.18
33.18
33.18
33.18
33.18
33.18
33.18
33.18
33.18
33.18
33.18
33.18
33.21
33.21
33.21
33.21
33.21
33.21
33.21
33.21
33.21
33.21
33.21
33.21
33.18
33.18
33.18
33.18
33.21
33.21
33.21
33.21
33.18
33.18
33.18
33.18
33.21
33.21
33.21
33.21
33.18
33.18
33.18
33.18
33.21
33.21
33.21
33.21
33.18
33.18
33.18
33.18
33.18
33.18
33.18
33.18
33.18
33.18
33.18
33.18
33.18
33.18
33.18
33.18
33.18
33.18
33.18
33.18
33.18
33.18
33.18
33.18
33.18
33.18
33.18
33.18
33.16
33.16
33.16
33.16
33.16
33.16
33.16
33.16
33.16
33.16
33.16
33.16
33.16
33.16
33.16
33.16
33.18
33.18
33.18
33.18
33.16
33.16
33.16
33.16
33.21
33.21
33.21
33.21
33.21
33.21
33.21
33.21
33.21
33.21
33.21
33.21
33.23
33.23
33.23
33.23
33.23
33.23
33.23
33.23
33.25
33.25
33.25
33.25
33.25
33.25
33.25
33.25
33.21
33.21
33.21
33.21
33.23
33.23
33.23
33.23
33.25
33.25
33.25
33.25
33.23
33.23
33.23
33.23
33.25
33.25
33.25
33.25
33.25
33.25
33.25
33.25
33.25
33.25
33.25
33.25
33.25
33.25
33.25
33.25
33.25
33.25
33.25
33.25
33.27
33.27
33.27
33.27
33.27
33.27
33.27
33.27
33.27
33.27
33.27
33.27
33.27
33.27
33.27
33.27
33.25
33.25
33.25
33.25
33.29
33.29
33.29
33.29
33.27
33.27
33.27
33.27
33.27
33.27
33.27
33.27
33.27
33.27
33.27
33.27
33.27
33.27
33.27
33.27
33.27
33.27
33.27
33.27
33.27
33.27
33.27
33.27
33.29
33.29
33.29
33.29
33.27
33.27
33.27
33.27
33.29
33.29
33.29
33.29
33.31
33.31
33.31
33.31
33.31
33.31
33.31
33.31
33.31
33.31
33.31
33.31
33.33
33.33
33.33
33.33
33.31
33.31
33.31
33.31
33.33
33.33
33.33
33.33
33.31
33.31
33.31
33.31
33.33
33.33
33.33
33.33
33.37
33.37
33.37
33.37
33.34
33.34
33.34
33.34
33.34
33.34
33.34
33.34
33.37
33.37
33.37
33.37
33.41
33.41
33.41
33.41
33.37
33.37
33.37
33.37
33.37
33.37
33.37
33.37
33.43
33.43
33.43
33.43
33.41
33.41
33.41
33.41
33.41
33.41
33.41
33.41
33.41
33.41
33.41
33.41
33.45
33.45
33.45
33.45
33.43
33.43
33.43
33.43
33.43
33.43
33.43
33.43
33.45
33.45
33.45
33.45
33.43
33.43
33.43
33.43
33.45
33.45
33.45
33.45
33.43
33.43
33.43
33.43
33.47
33.47
33.47
33.47
33.43
33.43
33.43
33.43
33.43
33.43
33.43
33.43
33.43
33.43
33.43
33.43
33.43
33.43
33.43
33.43
33.45
33.45
33.45
33.45
33.41
33.41
33.41
33.41
33.43
33.43
33.43
33.43
33.47
33.47
33.47
33.47
33.50
33.50
33.50
33.50
33.47
33.47
33.47
33.47
33.50
33.50
33.50
33.50
33.53
33.53
33.53
33.53
33.50
33.50
33.50
33.50
33.50
33.50
33.50
33.50
33.53
33.53
33.53
33.53
33.53
33.53
33.53
33.53
33.49
33.49
33.49
33.49
33.49
33.49
33.49
33.49
33.49
33.49
33.49
33.49
33.47
33.47
33.47
33.47
33.47
33.47
33.47
33.47
33.49
33.49
33.49
33.49
33.50
33.50
33.50
33.50
33.49
33.49
33.49
33.49
33.49
33.49
33.49
33.49
33.49
33.49
33.49
33.49
33.49
33.49
33.49
33.49
33.49
33.49
33.49
33.49
33.49
33.49
33.49
33.49
33.49
33.49
33.49
33.49
33.47
33.47
33.47
33.47
33.49
33.49
33.49
33.49
33.49
33.49
33.49
33.49
33.49
33.49
33.49
33.49
33.50
33.50
33.50
33.50
33.50
33.50
33.50
33.50
33.53
33.53
33.53
33.53
33.50
33.50
33.50
33.50
33.49
33.49
33.49
33.49
33.50
33.50
33.50
33.50
33.49
33.49
33.49
33.49
33.50
33.50
33.50
33.50
33.50
33.50
33.50
33.50
33.49
33.49
33.49
33.49
33.50
33.50
33.50
33.50
33.50
33.50
33.50
33.50
33.50
33.50
33.50
33.50
33.49
33.49
33.49
33.49
33.47
33.47
33.47
33.47
33.49
33.49
33.49
33.49
33.47
33.47
33.47
33.47
33.49
33.49
33.49
33.49
33.49
33.49
33.49
33.49
33.47
33.47
33.47
33.47
33.45
33.45
33.45
33.45
33.47
33.47
33.47
33.47
33.47
33.47
33.47
33.47
33.45
33.45
33.45
33.45
33.47
33.47
33.47
33.47
33.45
33.45
33.45
33.45
33.43
33.43
33.43
33.43
33.47
33.47
33.47
33.47
33.45
33.45
33.45
33.45
33.45
33.45
33.45
33.45
33.45
33.45
33.45
33.45
33.45
33.45
33.45
33.45
33.43
33.43
33.43
33.43
33.45
33.45
33.45
33.45
33.43
33.43
33.43
33.43
33.45
33.45
33.45
33.45
33.43
33.43
33.43
33.43
33.43
33.43
33.43
33.43
33.43
33.43
33.43
33.43
33.43
33.43
33.43
33.43
33.45
33.45
33.45
33.45
33.45
33.45
33.45
33.45
33.43
33.43
33.43
33.43
33.43
33.43
33.43
33.43
33.43
33.43
33.43
33.43
33.43
33.43
33.43
33.43
33.43
33.43
33.43
33.43
33.43
33.43
33.43
33.43
33.43
33.43
33.43
33.43
33.43
33.43
33.43
33.43
33.41
33.41
33.41
33.41
33.43
33.43
33.43
33.43
33.43
33.43
33.43
33.43
33.41
33.41
33.41
33.41
33.41
33.41
33.41
33.41
33.39
33.39
33.39
33.39
33.41
33.41
33.41
33.41
33.41
33.41
33.41
33.41
33.41
33.41
33.41
33.41
33.39
33.39
33.39
33.39
33.39
33.39
33.39
33.39
33.37
33.37
33.37
33.37
33.37
33.37
33.37
33.37
33.39
33.39
33.39
33.39
33.39
33.39
33.39
33.39
33.34
33.34
33.34
33.34
33.41
33.41
33.41
33.41
33.39
33.39
33.39
33.39
33.39
33.39
33.39
33.39
33.45
33.45
33.45
33.45
33.43
33.43
33.43
33.43
33.47
33.47
33.47
33.47
33.45
33.45
33.45
33.45
33.49
33.49
33.49
33.49
33.49
33.49
33.49
33.49
33.47
33.47
33.47
33.47
33.49
33.49
33.49
33.49
33.50
33.50
33.50
33.50
33.49
33.49
33.49
33.49
33.50
33.50
33.50
33.50
33.50
33.50
33.50
33.50
33.50
33.50
33.50
33.50
33.50
33.50
33.50
33.50
33.50
33.50
33.50
33.50
33.49
33.49
33.49
33.49
33.50
33.50
33.50
33.50
33.49
33.49
33.49
33.49
33.49
33.49
33.49
33.49
33.47
33.47
33.47
33.47
33.49
33.49
33.49
33.49
33.49
33.49
33.49
33.49
33.47
33.47
33.47
33.47
33.49
33.49
33.49
33.49
33.47
33.47
33.47
33.47
33.49
33.49
33.49
33.49
33.47
33.47
33.47
33.47
33.49
33.49
33.49
33.49
33.47
33.47
33.47
33.47
33.47
33.47
33.47
33.47
33.49
33.49
33.49
33.49
33.49
33.49
33.49
33.49
33.47
33.47
33.47
33.47
33.47
33.47
33.47
33.47
33.47
33.47
33.47
33.47
33.49
33.49
33.49
33.49
33.47
33.47
33.47
33.47
33.45
33.45
33.45
33.45
33.47
33.47
33.47
33.47
33.47
33.47
33.47
33.47
33.47
33.47
33.47
33.47
33.47
33.47
33.47
33.47
33.47
33.47
33.47
33.47
33.45
33.45
33.45
33.45
33.45
33.45
33.45
33.45
33.45
33.45
33.45
33.45
33.45
33.45
33.45
33.45
33.47
33.47
33.47
33.47
33.45
33.45
33.45
33.45
33.45
33.45
33.45
33.45
33.45
33.45
33.45
33.45
33.45
33.45
33.45
33.45
33.43
33.43
33.43
33.43
33.45
33.45
33.45
33.45
33.47
33.47
33.47
33.47
33.47
33.47
33.47
33.47
33.47
33.47
33.47
33.47
33.43
33.43
33.43
33.43
33.45
33.45
33.45
33.45
33.43
33.43
33.43
33.43
33.45
33.45
33.45
33.45
33.45
33.45
33.45
33.45
33.45
33.45
33.45
33.45
33.45
33.45
33.45
33.45
33.47
33.47
33.47
33.47
33.47
33.47
33.47
33.47
33.45
33.45
33.45
33.45
33.45
33.45
33.45
33.45
33.45
33.45
33.45
33.45
33.43
33.43
33.43
33.43
33.45
33.45
33.45
33.45
33.43
33.43
33.43
33.43
33.43
33.43
33.43
33.43
33.45
33.45
33.45
33.45
33.43
33.43
33.43
33.43
33.45
33.45
33.45
33.45
33.47
33.47
33.47
33.47
33.43
33.43
33.43
33.43
33.43
33.43
33.43
33.43
33.43
33.43
33.43
33.43
33.45
33.45
33.45
33.45
33.45
33.45
33.45
33.45
33.43
33.43
33.43
33.43
33.41
33.41
33.41
33.41
33.43
33.43
33.43
33.43
33.45
33.45
33.45
33.45
33.47
33.47
33.47
33.47
33.50
33.50
33.50
33.50
33.50
33.50
33.50
33.50
33.55
33.55
33.55
33.55
33.55
33.55
33.55
33.55
33.57
33.57
33.57
33.57
33.57
33.57
33.57
33.57
33.59
33.59
33.59
33.59
33.61
33.61
33.61
33.61
33.61
33.61
33.61
33.61
33.63
33.63
33.63
33.63
33.65
33.65
33.65
33.65
33.63
33.63
33.63
33.63
33.63
33.63
33.63
33.63
33.65
33.65
33.65
33.65
33.63
33.63
33.63
33.63
33.65
33.65
33.65
33.65
33.65
33.65
33.65
33.65
33.63
33.63
33.63
33.63
33.65
33.65
33.65
33.65
33.63
33.63
33.63
33.63
33.65
33.65
33.65
33.65
33.66
33.66
33.66
33.66
33.66
33.66
33.66
33.66
33.65
33.65
33.65
33.65
33.63
33.63
33.63
33.63
33.66
33.66
33.66
33.66
33.63
33.63
33.63
33.63
33.63
33.63
33.63
33.63
33.63
33.63
33.63
33.63
33.61
33.61
33.61
33.61
33.61
33.61
33.61
33.61
33.59
33.59
33.59
33.59
33.59
33.59
33.59
33.59
33.59
33.59
33.59
33.59
33.59
33.59
33.59
33.59
33.59
33.59
33.59
33.59
33.57
33.57
33.57
33.57
33.55
33.55
33.55
33.55
33.55
33.55
33.55
33.55
33.57
33.57
33.57
33.57
33.59
33.59
33.59
33.59
33.55
33.55
33.55
33.55
33.55
33.55
33.55
33.55
33.53
33.53
33.53
33.53
33.53
33.53
33.53
33.53
33.55
33.55
33.55
33.55
33.53
33.53
33.53
33.53
33.53
33.53
33.53
33.53
33.53
33.53
33.53
33.53
33.50
33.50
33.50
33.50
33.53
33.53
33.53
33.53
33.53
33.53
33.53
33.53
33.55
33.55
33.55
33.55
33.50
33.50
33.50
33.50
33.49
33.49
33.49
33.49
33.50
33.50
33.50
33.50
33.53
33.53
33.53
33.53
33.50
33.50
33.50
33.50
33.50
33.50
33.50
33.50
33.49
33.49
33.49
33.49
33.50
33.50
33.50
33.50
33.53
33.53
33.53
33.53
33.50
33.50
33.50
33.50
33.49
33.49
33.49
33.49
33.53
33.53
33.53
33.53
33.53
33.53
33.53
33.53
33.50
33.50
33.50
33.50
33.53
33.53
33.53
33.53
33.53
33.53
33.53
33.53
33.53
33.53
33.53
33.53
33.55
33.55
33.55
33.55
33.53
33.53
33.53
33.53
33.53
33.53
33.53
33.53
33.55
33.55
33.55
33.55
33.50
33.50
33.50
33.50
33.53
33.53
33.53
33.53
33.53
33.53
33.53
33.53
33.55
33.55
33.55
33.55
33.53
33.53
33.53
33.53
33.53
33.53
33.53
33.53
33.53
33.53
33.53
33.53
33.53
33.53
33.53
33.53
33.53
33.53
33.53
33.53
33.50
33.50
33.50
33.50
33.50
33.50
33.50
33.50
33.50
33.50
33.50
33.50
33.50
33.50
33.50
33.50
33.53
33.53
33.53
33.53
33.55
33.55
33.55
33.55
33.53
33.53
33.53
33.53
33.55
33.55
33.55
33.55
33.55
33.55
33.55
33.55
33.53
33.53
33.53
33.53
33.53
33.53
33.53
33.53
33.53
33.53
33.53
33.53
33.53
33.53
33.53
33.53
33.55
33.55
33.55
33.55
33.53
33.53
33.53
33.53
33.53
33.53
33.53
33.53
33.53
33.53
33.53
33.53
33.55
33.55
33.55
33.55
33.53
33.53
33.53
33.53
33.50
33.50
33.50
33.50
33.50
33.50
33.50
33.50
33.50
33.50
33.50
33.50
33.53
33.53
33.53
33.53
33.53
33.53
33.53
33.53
33.50
33.50
33.50
33.50
33.53
33.53
33.53
33.53
33.53
33.53
33.53
33.53
33.55
33.55
33.55
33.55
33.55
33.55
33.55
33.55
33.55
33.55
33.55
33.55
33.59
33.59
33.59
33.59
33.55
33.55
33.55
33.55
33.57
33.57
33.57
33.57
33.59
33.59
33.59
33.59
33.55
33.55
33.55
33.55
33.59
33.59
33.59
33.59
33.61
33.61
33.61
33.61
33.61
33.61
33.61
33.61
33.59
33.59
33.59
33.59
33.61
33.61
33.61
33.61
33.59
33.59
33.59
33.59
33.59
33.59
33.59
33.59
33.59
33.59
33.59
33.59
33.59
33.59
33.59
33.59
33.59
33.59
33.59
33.59
33.61
33.61
33.61
33.61
33.63
33.63
33.63
33.63
33.59
33.59
33.59
33.59
33.57
33.57
33.57
33.57
33.61
33.61
33.61
33.61
33.59
33.59
33.59
33.59
33.61
33.61
33.61
33.61
33.59
33.59
33.59
33.59
33.59
33.59
33.59
33.59
33.57
33.57
33.57
33.57
33.59
33.59
33.59
33.59
33.59
33.59
33.59
33.59
33.61
33.61
33.61
33.61
33.59
33.59
33.59
33.59
33.61
33.61
33.61
33.61
33.61
33.61
33.61
33.61
33.63
33.63
33.63
33.63
33.63
33.63
33.63
33.63
33.63
33.63
33.63
33.63
33.63
33.63
33.63
33.63
33.63
33.63
33.63
33.63
33.63
33.63
33.63
33.63
33.66
33.66
33.66
33.66
33.66
33.66
33.66
33.66
33.65
33.65
33.65
33.65
33.66
33.66
33.66
33.66
33.68
33.68
33.68
33.68
33.66
33.66
33.66
33.66
33.66
33.66
33.66
33.66
33.68
33.68
33.68
33.68
33.68
33.68
33.68
33.68
33.66
33.66
33.66
33.66
33.66
33.66
33.66
33.66
33.66
33.66
33.66
33.66
33.66
33.66
33.66
33.66
33.66
33.66
33.66
33.66
33.66
33.66
33.66
33.66
33.66
33.66
33.66
33.66
33.68
33.68
33.68
33.68
33.65
33.65
33.65
33.65
33.66
33.66
33.66
33.66
33.68
33.68
33.68
33.68
33.66
33.66
33.66
33.66
33.71
33.71
33.71
33.71
33.68
33.68
33.68
33.68
33.68
33.68
33.68
33.68
33.68
33.68
33.68
33.68
33.68
33.68
33.68
33.68
33.68
33.68
33.68
33.68
33.66
33.66
33.66
33.66
33.68
33.68
33.68
33.68
33.68
33.68
33.68
33.68
33.71
33.71
33.71
33.71
33.71
33.71
33.71
33.71
33.71
33.71
33.71
33.71
33.71
33.71
33.71
33.71
33.73
33.73
33.73
33.73
33.71
33.71
33.71
33.71
33.71
33.71
33.71
33.71
33.71
33.71
33.71
33.71
33.73
33.73
33.73
33.73
33.75
33.75
33.75
33.75
33.71
33.71
33.71
33.71
33.73
33.73
33.73
33.73
33.75
33.75
33.75
33.75
33.77
33.77
33.77
33.77
33.75
33.75
33.75
33.75
33.73
33.73
33.73
33.73
33.79
33.79
33.79
33.79
33.77
33.77
33.77
33.77
33.77
33.77
33.77
33.77
33.79
33.79
33.79
33.79
33.81
33.81
33.81
33.81
33.79
33.79
33.79
33.79
33.81
33.81
33.81
33.81
33.79
33.79
33.79
33.79
33.81
33.81
33.81
33.81
33.83
33.83
33.83
33.83
33.83
33.83
33.83
33.83
33.84
33.84
33.84
33.84
33.84
33.84
33.84
33.84
33.87
33.87
33.87
33.87
33.83
33.83
33.83
33.83
33.84
33.84
33.84
33.84
33.87
33.87
33.87
33.87
33.87
33.87
33.87
33.87
33.87
33.87
33.87
33.87
33.89
33.89
33.89
33.89
33.89
33.89
33.89
33.89
33.93
33.93
33.93
33.93
33.89
33.89
33.89
33.89
33.91
33.91
33.91
33.91
33.93
33.93
33.93
33.93
33.93
33.93
33.93
33.93
33.91
33.91
33.91
33.91
33.95
33.95
33.95
33.95
33.95
33.95
33.95
33.95
33.95
33.95
33.95
33.95
33.97
33.97
33.97
33.97
33.93
33.93
33.93
33.93
33.97
33.97
33.97
33.97
33.95
33.95
33.95
33.95
33.97
33.97
33.97
33.97
33.95
33.95
33.95
33.95
33.97
33.97
33.97
33.97
33.97
33.97
33.97
33.97
33.97
33.97
33.97
33.97
33.97
33.97
33.97
33.97
33.99
33.99
33.99
33.99
33.97
33.97
33.97
33.97
33.97
33.97
33.97
33.97
33.97
33.97
33.97
33.97
33.97
33.97
33.97
33.97
33.99
33.99
33.99
33.99
33.99
33.99
33.99
33.99
33.99
33.99
33.99
33.99
33.99
33.99
33.99
33.99
33.97
33.97
33.97
33.97
33.97
33.97
33.97
33.97
33.99
33.99
33.99
33.99
33.95
33.95
33.95
33.95
33.95
33.95
33.95
33.95
33.95
33.95
33.95
33.95
33.93
33.93
33.93
33.93
33.91
33.91
33.91
33.91
33.87
33.87
33.87
33.87
33.87
33.87
33.87
33.87
33.87
33.87
33.87
33.87
33.89
33.89
33.89
33.89
33.84
33.84
33.84
33.84
33.84
33.84
33.84
33.84
33.84
33.84
33.84
33.84
33.83
33.83
33.83
33.83
33.83
33.83
33.83
33.83
33.83
33.83
33.83
33.83
33.83
33.83
33.83
33.83
33.81
33.81
33.81
33.81
33.83
33.83
33.83
33.83
33.81
33.81
33.81
33.81
33.81
33.81
33.81
33.81
33.81
33.81
33.81
33.81
33.81
33.81
33.81
33.81
33.79
33.79
33.79
33.79
33.79
33.79
33.79
33.79
33.79
33.79
33.79
33.79
33.81
33.81
33.81
33.81
33.79
33.79
33.79
33.79
33.77
33.77
33.77
33.77
33.77
33.77
33.77
33.77
33.77
33.77
33.77
33.77
33.77
33.77
33.77
33.77
33.77
33.77
33.77
33.77
33.75
33.75
33.75
33.75
33.77
33.77
33.77
33.77
33.75
33.75
33.75
33.75
33.75
33.75
33.75
33.75
33.71
33.71
33.71
33.71
33.73
33.73
33.73
33.73
33.75
33.75
33.75
33.75
33.71
33.71
33.71
33.71
33.75
33.75
33.75
33.75
33.73
33.73
33.73
33.73
33.71
33.71
33.71
33.71
33.71
33.71
33.71
33.71
33.71
33.71
33.71
33.71
33.71
33.71
33.71
33.71
33.73
33.73
33.73
33.73
33.71
33.71
33.71
33.71
33.73
33.73
33.73
33.73
33.73
33.73
33.73
33.73
33.75
33.75
33.75
33.75
33.73
33.73
33.73
33.73
33.73
33.73
33.73
33.73
33.73
33.73
33.73
33.73
33.73
33.73
33.73
33.73
33.73
33.73
33.73
33.73
33.73
33.73
33.73
33.73
33.73
33.73
33.73
33.73
33.73
33.73
33.73
33.73
33.68
33.68
33.68
33.68
33.71
33.71
33.71
33.71
33.68
33.68
33.68
33.68
33.66
33.66
33.66
33.66
33.66
33.66
33.66
33.66
33.68
33.68
33.68
33.68
33.66
33.66
33.66
33.66
33.68
33.68
33.68
33.68
33.66
33.66
33.66
33.66
33.66
33.66
33.66
33.66
33.65
33.65
33.65
33.65
33.65
33.65
33.65
33.65
33.66
33.66
33.66
33.66
33.66
33.66
33.66
33.66
33.66
33.66
33.66
33.66
33.66
33.66
33.66
33.66
33.66
33.66
33.66
33.66
33.65
33.65
33.65
33.65
33.66
33.66
33.66
33.66
33.68
33.68
33.68
33.68
33.68
33.68
33.68
33.68
33.71
33.71
33.71
33.71
33.71
33.71
33.71
33.71
33.71
33.71
33.71
33.71
33.71
33.71
33.71
33.71
33.71
33.71
33.71
33.71
33.71
33.71
33.71
33.71
33.71
33.71
33.71
33.71
33.71
33.71
33.71
33.71
33.71
33.71
33.71
33.71
33.73
33.73
33.73
33.73
33.73
33.73
33.73
33.73
33.73
33.73
33.73
33.73
33.75
33.75
33.75
33.75
33.75
33.75
33.75
33.75
33.77
33.77
33.77
33.77
33.73
33.73
33.73
33.73
33.79
33.79
33.79
33.79
33.77
33.77
33.77
33.77
33.77
33.77
33.77
33.77
33.79
33.79
33.79
33.79
33.77
33.77
33.77
33.77
33.75
33.75
33.75
33.75
33.77
33.77
33.77
33.77
33.77
33.77
33.77
33.77
33.79
33.79
33.79
33.79
33.79
33.79
33.79
33.79
33.77
33.77
33.77
33.77
33.81
33.81
33.81
33.81
33.83
33.83
33.83
33.83
33.81
33.81
33.81
33.81
33.79
33.79
33.79
33.79
33.79
33.79
33.79
33.79
33.81
33.81
33.81
33.81
33.81
33.81
33.81
33.81
33.81
33.81
33.81
33.81
33.83
33.83
33.83
33.83
33.79
33.79
33.79
33.79
33.83
33.83
33.83
33.83
33.81
33.81
33.81
33.81
33.83
33.83
33.83
33.83
33.83
33.83
33.83
33.83
33.84
33.84
33.84
33.84
33.84
33.84
33.84
33.84
33.84
33.84
33.84
33.84
33.87
33.87
33.87
33.87
33.87
33.87
33.87
33.87
33.87
33.87
33.87
33.87
33.87
33.87
33.87
33.87
33.84
33.84
33.84
33.84
33.87
33.87
33.87
33.87
33.84
33.84
33.84
33.84
33.84
33.84
33.84
33.84
33.84
33.84
33.84
33.84
33.84
33.84
33.84
33.84
33.84
33.84
33.84
33.84
33.87
33.87
33.87
33.87
33.84
33.84
33.84
33.84
33.87
33.87
33.87
33.87
33.87
33.87
33.87
33.87
33.89
33.89
33.89
33.89
33.84
33.84
33.84
33.84
33.89
33.89
33.89
33.89
33.89
33.89
33.89
33.89
33.87
33.87
33.87
33.87
33.87
33.87
33.87
33.87
33.87
33.87
33.87
33.87
33.91
33.91
33.91
33.91
33.89
33.89
33.89
33.89
33.89
33.89
33.89
33.89
33.87
33.87
33.87
33.87
33.91
33.91
33.91
33.91
33.89
33.89
33.89
33.89
33.91
33.91
33.91
33.91
33.91
33.91
33.91
33.91
33.93
33.93
33.93
33.93
33.91
33.91
33.91
33.91
33.91
33.91
33.91
33.91
33.91
33.91
33.91
33.91
33.89
33.89
33.89
33.89
33.89
33.89
33.89
33.89
33.91
33.91
33.91
33.91
33.87
33.87
33.87
33.87
33.89
33.89
33.89
33.89
33.91
33.91
33.91
33.91
33.91
33.91
33.91
33.91
33.91
33.91
33.91
33.91
33.89
33.89
33.89
33.89
33.91
33.91
33.91
33.91
33.93
33.93
33.93
33.93
33.93
33.93
33.93
33.93
33.95
33.95
33.95
33.95
33.91
33.91
33.91
33.91
33.93
33.93
33.93
33.93
33.91
33.91
33.91
33.91
33.93
33.93
33.93
33.93
33.91
33.91
33.91
33.91
33.93
33.93
33.93
33.93
33.91
33.91
33.91
33.91
33.89
33.89
33.89
33.89
33.91
33.91
33.91
33.91
33.89
33.89
33.89
33.89
33.93
33.93
33.93
33.93
33.91
33.91
33.91
33.91
33.91
33.91
33.91
33.91
33.91
33.91
33.91
33.91
33.91
33.91
33.91
33.91
33.91
33.91
33.91
33.91
33.89
33.89
33.89
33.89
33.91
33.91
33.91
33.91
33.91
33.91
33.91
33.91
33.91
33.91
33.91
33.91
33.95
33.95
33.95
33.95
33.93
33.93
33.93
33.93
33.91
33.91
33.91
33.91
33.95
33.95
33.95
33.95
33.97
33.97
33.97
33.97
33.95
33.95
33.95
33.95
33.99
33.99
33.99
33.99
33.99
33.99
33.99
33.99
33.99
33.99
33.99
33.99
33.99
33.99
33.99
33.99
33.97
33.97
33.97
33.97
33.99
33.99
33.99
33.99
34.00
34.00
34.00
34.00
33.99
33.99
33.99
33.99
34.00
34.00
34.00
34.00
33.97
33.97
33.97
33.97
34.00
34.00
34.00
34.00
33.99
33.99
33.99
33.99
34.00
34.00
34.00
34.00
34.00
34.00
34.00
34.00
33.97
33.97
33.97
33.97
33.99
33.99
33.99
33.99
33.99
33.99
33.99
33.99
33.99
33.99
33.99
33.99
33.97
33.97
33.97
33.97
33.99
33.99
33.99
33.99
33.97
33.97
33.97
33.97
33.97
33.97
33.97
33.97
33.95
33.95
33.95
33.95
33.95
33.95
33.95
33.95
33.97
33.97
33.97
33.97
33.97
33.97
33.97
33.97
33.95
33.95
33.95
33.95
33.95
33.95
33.95
33.95
33.95
33.95
33.95
33.95
33.97
33.97
33.97
33.97
33.95
33.95
33.95
33.95
33.95
33.95
33.95
33.95
33.95
33.95
33.95
33.95
33.93
33.93
33.93
33.93
33.95
33.95
33.95
33.95
33.93
33.93
33.93
33.93
33.93
33.93
33.93
33.93
33.93
33.93
33.93
33.93
33.91
33.91
33.91
33.91
33.93
33.93
33.93
33.93
33.95
33.95
33.95
33.95
33.95
33.95
33.95
33.95
33.97
33.97
33.97
33.97
33.97
33.97
33.97
33.97
33.97
33.97
33.97
33.97
33.99
33.99
33.99
33.99
33.99
33.99
33.99
33.99
33.97
33.97
33.97
33.97
34.00
34.00
34.00
34.00
34.00
34.00
34.00
34.00
33.99
33.99
33.99
33.99
33.99
33.99
33.99
33.99
33.99
33.99
33.99
33.99
33.97
33.97
33.97
33.97
33.97
33.97
33.97
33.97
33.99
33.99
33.99
33.99
33.95
33.95
33.95
33.95
34.00
34.00
34.00
34.00
33.97
33.97
33.97
33.97
33.97
33.97
33.97
33.97
34.00
34.00
34.00
34.00
34.00
34.00
34.00
34.00
34.00
34.00
34.00
34.00
34.03
34.03
34.03
34.03
34.05
34.05
34.05
34.05
34.03
34.03
34.03
34.03
34.05
34.05
34.05
34.05
34.03
34.03
34.03
34.03
34.05
34.05
34.05
34.05
34.03
34.03
34.03
34.03
34.05
34.05
34.05
34.05
34.07
34.07
34.07
34.07
34.05
34.05
34.05
34.05
34.05
34.05
34.05
34.05
34.05
34.05
34.05
34.05
34.03
34.03
34.03
34.03
34.05
34.05
34.05
34.05
33.99
33.99
33.99
33.99
33.99
33.99
33.99
33.99
34.03
34.03
34.03
34.03
33.99
33.99
33.99
33.99
33.99
33.99
33.99
33.99
33.97
33.97
33.97
33.97
33.95
33.95
33.95
33.95
33.99
33.99
33.99
33.99
33.99
33.99
33.99
33.99
33.95
33.95
33.95
33.95
33.97
33.97
33.97
33.97
33.97
33.97
33.97
33.97
33.97
33.97
33.97
33.97
33.95
33.95
33.95
33.95
33.97
33.97
33.97
33.97
33.95
33.95
33.95
33.95
33.93
33.93
33.93
33.93
33.95
33.95
33.95
33.95
33.93
33.93
33.93
33.93
33.93
33.93
33.93
33.93
33.91
33.91
33.91
33.91
33.93
33.93
33.93
33.93
33.93
33.93
33.93
33.93
33.91
33.91
33.91
33.91
33.91
33.91
33.91
33.91
33.89
33.89
33.89
33.89
33.91
33.91
33.91
33.91
33.91
33.91
33.91
33.91
33.91
33.91
33.91
33.91
33.91
33.91
33.91
33.91
33.87
33.87
33.87
33.87
33.91
33.91
33.91
33.91
33.89
33.89
33.89
33.89
33.89
33.89
33.89
33.89
33.89
33.89
33.89
33.89
33.89
33.89
33.89
33.89
33.89
33.89
33.89
33.89
33.87
33.87
33.87
33.87
33.89
33.89
33.89
33.89
33.87
33.87
33.87
33.87
33.87
33.87
33.87
33.87
33.84
33.84
33.84
33.84
33.87
33.87
33.87
33.87
33.87
33.87
33.87
33.87
33.87
33.87
33.87
33.87
33.84
33.84
33.84
33.84
33.87
33.87
33.87
33.87
33.84
33.84
33.84
33.84
33.87
33.87
33.87
33.87
33.87
33.87
33.87
33.87
33.84
33.84
33.84
33.84
33.84
33.84
33.84
33.84
33.84
33.84
33.84
33.84
33.84
33.84
33.84
33.84
33.84
33.84
33.84
33.84
33.83
33.83
33.83
33.83
33.83
33.83
33.83
33.83
33.83
33.83
33.83
33.83
33.84
33.84
33.84
33.84
33.84
33.84
33.84
33.84
33.84
33.84
33.84
33.84
33.83
33.83
33.83
33.83
33.83
33.83
33.83
33.83
33.87
33.87
33.87
33.87
33.83
33.83
33.83
33.83
33.84
33.84
33.84
33.84
33.83
33.83
33.83
33.83
33.81
33.81
33.81
33.81
33.81
33.81
33.81
33.81
33.79
33.79
33.79
33.79
33.79
33.79
33.79
33.79
33.81
33.81
33.81
33.81
33.79
33.79
33.79
33.79
33.79
33.79
33.79
33.79
33.81
33.81
33.81
33.81
33.77
33.77
33.77
33.77
33.81
33.81
33.81
33.81
33.79
33.79
33.79
33.79
33.79
33.79
33.79
33.79
33.81
33.81
33.81
33.81
33.79
33.79
33.79
33.79
33.79
33.79
33.79
33.79
33.75
33.75
33.75
33.75
33.79
33.79
33.79
33.79
33.79
33.79
33.79
33.79
33.79
33.79
33.79
33.79
33.79
33.79
33.79
33.79
33.77
33.77
33.77
33.77
33.77
33.77
33.77
33.77
33.77
33.77
33.77
33.77
33.73
33.73
33.73
33.73
33.75
33.75
33.75
33.75
33.73
33.73
33.73
33.73
33.75
33.75
33.75
33.75
33.75
33.75
33.75
33.75
33.75
33.75
33.75
33.75
33.77
33.77
33.77
33.77
33.79
33.79
33.79
33.79
33.73
33.73
33.73
33.73
33.77
33.77
33.77
33.77
33.75
33.75
33.75
33.75
33.73
33.73
33.73
33.73
33.75
33.75
33.75
33.75
33.73
33.73
33.73
33.73
33.75
33.75
33.75
33.75
33.73
33.73
33.73
33.73
33.75
33.75
33.75
33.75
33.73
33.73
33.73
33.73
33.73
33.73
33.73
33.73
33.75
33.75
33.75
33.75
33.71
33.71
33.71
33.71
33.73
33.73
33.73
33.73
33.71
33.71
33.71
33.71
33.71
33.71
33.71
33.71
33.68
33.68
33.68
33.68
33.71
33.71
33.71
33.71
33.68
33.68
33.68
33.68
33.68
33.68
33.68
33.68
33.68
33.68
33.68
33.68
33.68
33.68
33.68
33.68
33.66
33.66
33.66
33.66
33.66
33.66
33.66
33.66
33.68
33.68
33.68
33.68
33.68
33.68
33.68
33.68
33.68
33.68
33.68
33.68
33.65
33.65
33.65
33.65
33.71
33.71
33.71
33.71
33.68
33.68
33.68
33.68
33.66
33.66
33.66
33.66
33.65
33.65
33.65
33.65
33.66
33.66
33.66
33.66
33.65
33.65
33.65
33.65
33.63
33.63
33.63
33.63
33.61
33.61
33.61
33.61
33.63
33.63
33.63
33.63
33.61
33.61
33.61
33.61
33.61
33.61
33.61
33.61
33.61
33.61
33.61
33.61
33.57
33.57
33.57
33.57
33.59
33.59
33.59
33.59
33.59
33.59
33.59
33.59
33.59
33.59
33.59
33.59
33.57
33.57
33.57
33.57
33.57
33.57
33.57
33.57
33.53
33.53
33.53
33.53
33.53
33.53
33.53
33.53
33.57
33.57
33.57
33.57
33.49
33.49
33.49
33.49
33.50
33.50
33.50
33.50
33.53
33.53
33.53
33.53
33.50
33.50
33.50
33.50
33.50
33.50
33.50
33.50
33.50
33.50
33.50
33.50
33.49
33.49
33.49
33.49
33.49
33.49
33.49
33.49
33.47
33.47
33.47
33.47
33.49
33.49
33.49
33.49
33.47
33.47
33.47
33.47
33.49
33.49
33.49
33.49
33.47
33.47
33.47
33.47
33.47
33.47
33.47
33.47
33.47
33.47
33.47
33.47
33.47
33.47
33.47
33.47
33.47
33.47
33.47
33.47
33.49
33.49
33.49
33.49
33.47
33.47
33.47
33.47
33.49
33.49
33.49
33.49
33.47
33.47
33.47
33.47
33.49
33.49
33.49
33.49
33.47
33.47
33.47
33.47
33.49
33.49
33.49
33.49
33.49
33.49
33.49
33.49
33.50
33.50
33.50
33.50
33.47
33.47
33.47
33.47
33.45
33.45
33.45
33.45
33.45
33.45
33.45
33.45
33.47
33.47
33.47
33.47
33.47
33.47
33.47
33.47
33.45
33.45
33.45
33.45
33.45
33.45
33.45
33.45
33.45
33.45
33.45
33.45
33.45
33.45
33.45
33.45
33.47
33.47
33.47
33.47
33.47
33.47
33.47
33.47
33.45
33.45
33.45
33.45
33.43
33.43
33.43
33.43
33.45
33.45
33.45
33.45
33.45
33.45
33.45
33.45
33.43
33.43
33.43
33.43
33.43
33.43
33.43
33.43
33.45
33.45
33.45
33.45
33.43
33.43
33.43
33.43
33.45
33.45
33.45
33.45
33.43
33.43
33.43
33.43
33.41
33.41
33.41
33.41
33.43
33.43
33.43
33.43
33.43
33.43
33.43
33.43
33.43
33.43
33.43
33.43
33.45
33.45
33.45
33.45
33.43
33.43
33.43
33.43
33.43
33.43
33.43
33.43
33.43
33.43
33.43
33.43
33.41
33.41
33.41
33.41
33.41
33.41
33.41
33.41
33.41
33.41
33.41
33.41
33.43
33.43
33.43
33.43
33.41
33.41
33.41
33.41
33.39
33.39
33.39
33.39
33.39
33.39
33.39
33.39
33.39
33.39
33.39
33.39
33.37
33.37
33.37
33.37
33.39
33.39
33.39
33.39
33.39
33.39
33.39
33.39
33.37
33.37
33.37
33.37
33.41
33.41
33.41
33.41
33.34
33.34
33.34
33.34
33.37
33.37
33.37
33.37
33.37
33.37
33.37
33.37
33.34
33.34
33.34
33.34
33.34
33.34
33.34
33.34
33.34
33.34
33.34
33.34
33.34
33.34
33.34
33.34
33.34
33.34
33.34
33.34
33.34
33.34
33.34
33.34
33.33
33.33
33.33
33.33
33.34
33.34
33.34
33.34
33.34
33.34
33.34
33.34
33.33
33.33
33.33
33.33
33.37
33.37
33.37
33.37
33.34
33.34
33.34
33.34
33.37
33.37
33.37
33.37
33.37
33.37
33.37
33.37
33.33
33.33
33.33
33.33
33.33
33.33
33.33
33.33
33.34
33.34
33.34
33.34
33.39
33.39
33.39
33.39
33.37
33.37
33.37
33.37
33.37
33.37
33.37
33.37
33.37
33.37
33.37
33.37
33.37
33.37
33.37
33.37
33.39
33.39
33.39
33.39
33.37
33.37
33.37
33.37
33.37
33.37
33.37
33.37
33.34
33.34
33.34
33.34
33.34
33.34
33.34
33.34
33.34
33.34
33.34
33.34
33.37
33.37
33.37
33.37
33.39
33.39
33.39
33.39
33.34
33.34
33.34
33.34
33.33
33.33
33.33
33.33
33.33
33.33
33.33
33.33
33.37
33.37
33.37
33.37
33.34
33.34
33.34
33.34
33.34
33.34
33.34
33.34
33.34
33.34
33.34
33.34
33.33
33.33
33.33
33.33
33.34
33.34
33.34
33.34
33.33
33.33
33.33
33.33
33.33
33.33
33.33
33.33
33.34
33.34
33.34
33.34
33.34
33.34
33.34
33.34
33.33
33.33
33.33
33.33
33.37
33.37
33.37
33.37
33.34
33.34
33.34
33.34
33.33
33.33
33.33
33.33
33.33
33.33
33.33
33.33
33.34
33.34
33.34
33.34
33.34
33.34
33.34
33.34
33.33
33.33
33.33
33.33
33.34
33.34
33.34
33.34
33.33
33.33
33.33
33.33
33.33
33.33
33.33
33.33
33.33
33.33
33.33
33.33
33.33
33.33
33.33
33.33
33.31
33.31
33.31
33.31
33.33
33.33
33.33
33.33
33.31
33.31
33.31
33.31
33.29
33.29
33.29
33.29
33.31
33.31
33.31
33.31
33.31
33.31
33.31
33.31
33.31
33.31
33.31
33.31
33.29
33.29
33.29
33.29
33.29
33.29
33.29
33.29
33.31
33.31
33.31
33.31
33.31
33.31
33.31
33.31
33.29
33.29
33.29
33.29
33.29
33.29
33.29
33.29
33.29
33.29
33.29
33.29
33.27
33.27
33.27
33.27
33.25
33.25
33.25
33.25
33.25
33.25
33.25
33.25
33.25
33.25
33.25
33.25
33.25
33.25
33.25
33.25
33.25
33.25
33.25
33.25
33.23
33.23
33.23
33.23
33.25
33.25
33.25
33.25
33.23
33.23
33.23
33.23
33.21
33.21
33.21
33.21
33.23
33.23
33.23
33.23
33.23
33.23
33.23
33.23
33.21
33.21
33.21
33.21
33.21
33.21
33.21
33.21
33.23
33.23
33.23
33.23
33.18
33.18
33.18
33.18
33.18
33.18
33.18
33.18
33.23
33.23
33.23
33.23
33.21
33.21
33.21
33.21
33.21
33.21
33.21
33.21
33.21
33.21
33.21
33.21
33.21
33.21
33.21
33.21
33.21
33.21
33.21
33.21
33.23
33.23
33.23
33.23
33.21
33.21
33.21
33.21
33.21
33.21
33.21
33.21
33.21
33.21
33.21
33.21
33.21
33.21
33.21
33.21
33.18
33.18
33.18
33.18
33.18
33.18
33.18
33.18
33.21
33.21
33.21
33.21
33.21
33.21
33.21
33.21
33.21
33.21
33.21
33.21
33.21
33.21
33.21
33.21
33.18
33.18
33.18
33.18
33.18
33.18
33.18
33.18
33.18
33.18
33.18
33.18
33.16
33.16
33.16
33.16
33.16
33.16
33.16
33.16
33.16
33.16
33.16
33.16
33.18
33.18
33.18
33.18
33.16
33.16
33.16
33.16
33.16
33.16
33.16
33.16
33.15
33.15
33.15
33.15
33.16
33.16
33.16
33.16
33.15
33.15
33.15
33.15
33.16
33.16
33.16
33.16
33.15
33.15
33.15
33.15
33.13
33.13
33.13
33.13
33.13
33.13
33.13
33.13
33.15
33.15
33.15
33.15
33.13
33.13
33.13
33.13
33.13
33.13
33.13
33.13
33.11
33.11
33.11
33.11
33.11
33.11
33.11
33.11
33.11
33.11
33.11
33.11
33.09
33.09
33.09
33.09
33.09
33.09
33.09
33.09
33.11
33.11
33.11
33.11
33.11
33.11
33.11
33.11
33.11
33.11
33.11
33.11
33.07
33.07
33.07
33.07
33.07
33.07
33.07
33.07
33.09
33.09
33.09
33.09
33.05
33.05
33.05
33.05
33.07
33.07
33.07
33.07
33.09
33.09
33.09
33.09
33.05
33.05
33.05
33.05
33.05
33.05
33.05
33.05
33.07
33.07
33.07
33.07
33.07
33.07
33.07
33.07
33.09
33.09
33.09
33.09
33.03
33.03
33.03
33.03
33.05
33.05
33.05
33.05
33.05
33.05
33.05
33.05
33.03
33.03
33.03
33.03
33.03
33.03
33.03
33.03
33.03
33.03
33.03
33.03
33.03
33.03
33.03
33.03
33.03
33.03
33.03
33.03
33.03
33.03
33.03
33.03
33.05
33.05
33.05
33.05
33.03
33.03
33.03
33.03
33.05
33.05
33.05
33.05
33.03
33.03
33.03
33.03
33.03
33.03
33.03
33.03
33.03
33.03
33.03
33.03
33.03
33.03
33.03
33.03
33.03
33.03
33.03
33.03
33.00
33.00
33.00
33.00
33.03
33.03
33.03
33.03
33.00
33.00
33.00
33.00
33.00
33.00
33.00
33.00
33.00
33.00
33.00
33.00
33.00
33.00
33.00
33.00
32.99
32.99
32.99
32.99
32.99
32.99
32.99
32.99
32.99
32.99
32.99
32.99
32.99
32.99
32.99
32.99
32.97
32.97
32.97
32.97
32.97
32.97
32.97
32.97
32.95
32.95
32.95
32.95
32.97
32.97
32.97
32.97
33.00
33.00
33.00
33.00
33.00
33.00
33.00
33.00
33.00
33.00
33.00
33.00
32.99
32.99
32.99
32.99
32.99
32.99
32.99
32.99
32.99
32.99
32.99
32.99
32.99
32.99
32.99
32.99
32.99
32.99
32.99
32.99
32.97
32.97
32.97
32.97
32.97
32.97
32.97
32.97
32.97
32.97
32.97
32.97
32.95
32.95
32.95
32.95
32.97
32.97
32.97
32.97
32.95
32.95
32.95
32.95
32.97
32.97
32.97
32.97
32.95
32.95
32.95
32.95
32.95
32.95
32.95
32.95
32.95
32.95
32.95
32.95
32.97
32.97
32.97
32.97
32.97
32.97
32.97
32.97
32.97
32.97
32.97
32.97
32.93
32.93
32.93
32.93
32.93
32.93
32.93
32.93
32.91
32.91
32.91
32.91
32.91
32.91
32.91
32.91
32.91
32.91
32.91
32.91
32.91
32.91
32.91
32.91
32.91
32.91
32.91
32.91
32.93
32.93
32.93
32.93
32.93
32.93
32.93
32.93
32.93
32.93
32.93
32.93
32.91
32.91
32.91
32.91
32.93
32.93
32.93
32.93
32.93
32.93
32.93
32.93
32.91
32.91
32.91
32.91
32.89
32.89
32.89
32.89
32.93
32.93
32.93
32.93
32.89
32.89
32.89
32.89
32.87
32.87
32.87
32.87
32.89
32.89
32.89
32.89
32.87
32.87
32.87
32.87
32.87
32.87
32.87
32.87
32.87
32.87
32.87
32.87
32.87
32.87
32.87
32.87
32.87
32.87
32.87
32.87
32.87
32.87
32.87
32.87
32.87
32.87
32.87
32.87
32.89
32.89
32.89
32.89
32.87
32.87
32.87
32.87
32.87
32.87
32.87
32.87
32.84
32.84
32.84
32.84
32.87
32.87
32.87
32.87
32.87
32.87
32.87
32.87
32.84
32.84
32.84
32.84
32.84
32.84
32.84
32.84
32.87
32.87
32.87
32.87
32.89
32.89
32.89
32.89
32.87
32.87
32.87
32.87
32.89
32.89
32.89
32.89
32.84
32.84
32.84
32.84
32.87
32.87
32.87
32.87
32.84
32.84
32.84
32.84
32.84
32.84
32.84
32.84
32.84
32.84
32.84
32.84
32.83
32.83
32.83
32.83
32.84
32.84
32.84
32.84
32.84
32.84
32.84
32.84
32.84
32.84
32.84
32.84
32.84
32.84
32.84
32.84
32.84
32.84
32.84
32.84
32.84
32.84
32.84
32.84
32.83
32.83
32.83
32.83
32.83
32.83
32.83
32.83
32.81
32.81
32.81
32.81
32.81
32.81
32.81
32.81
32.84
32.84
32.84
32.84
32.83
32.83
32.83
32.83
32.83
32.83
32.83
32.83
32.84
32.84
32.84
32.84
32.83
32.83
32.83
32.83
32.83
32.83
32.83
32.83
32.83
32.83
32.83
32.83
32.83
32.83
32.83
32.83
32.81
32.81
32.81
32.81
32.83
32.83
32.83
32.83
32.79
32.79
32.79
32.79
32.81
32.81
32.81
32.81
32.83
32.83
32.83
32.83
32.81
32.81
32.81
32.81
32.81
32.81
32.81
32.81
32.83
32.83
32.83
32.83
32.81
32.81
32.81
32.81
32.81
32.81
32.81
32.81
32.81
32.81
32.81
32.81
32.81
32.81
32.81
32.81
32.79
32.79
32.79
32.79
32.79
32.79
32.79
32.79
32.81
32.81
32.81
32.81
32.79
32.79
32.79
32.79
32.79
32.79
32.79
32.79
32.81
32.81
32.81
32.81
32.77
32.77
32.77
32.77
32.81
32.81
32.81
32.81
32.81
32.81
32.81
32.81
32.81
32.81
32.81
32.81
32.81
32.81
32.81
32.81
32.81
32.81
32.81
32.81
32.77
32.77
32.77
32.77
32.79
32.79
32.79
32.79
32.79
32.79
32.79
32.79
32.79
32.79
32.79
32.79
32.77
32.77
32.77
32.77
32.79
32.79
32.79
32.79
32.75
32.75
32.75
32.75
32.77
32.77
32.77
32.77
32.77
32.77
32.77
32.77
32.77
32.77
32.77
32.77
32.73
32.73
32.73
32.73
32.79
32.79
32.79
32.79
32.77
32.77
32.77
32.77
32.75
32.75
32.75
32.75
32.77
32.77
32.77
32.77
32.75
32.75
32.75
32.75
32.75
32.75
32.75
32.75
32.75
32.75
32.75
32.75
32.77
32.77
32.77
32.77
32.73
32.73
32.73
32.73
32.73
32.73
32.73
32.73
32.73
32.73
32.73
32.73
32.73
32.73
32.73
32.73
32.73
32.73
32.73
32.73
32.75
32.75
32.75
32.75
32.75
32.75
32.75
32.75
32.73
32.73
32.73
32.73
32.75
32.75
32.75
32.75
32.71
32.71
32.71
32.71
32.71
32.71
32.71
32.71
32.68
32.68
32.68
32.68
32.68
32.68
32.68
32.68
32.71
32.71
32.71
32.71
32.71
32.71
32.71
32.71
32.71
32.71
32.71
32.71
32.73
32.73
32.73
32.73
32.73
32.73
32.73
32.73
32.68
32.68
32.68
32.68
32.71
32.71
32.71
32.71
32.71
32.71
32.71
32.71
32.71
32.71
32.71
32.71
32.68
32.68
32.68
32.68
32.68
32.68
32.68
32.68
32.68
32.68
32.68
32.68
32.68
32.68
32.68
32.68
32.66
32.66
32.66
32.66
32.66
32.66
32.66
32.66
32.66
32.66
32.66
32.66
32.65
32.65
32.65
32.65
32.66
32.66
32.66
32.66
32.66
32.66
32.66
32.66
32.68
32.68
32.68
32.68
32.68
32.68
32.68
32.68
32.66
32.66
32.66
32.66
32.66
32.66
32.66
32.66
32.66
32.66
32.66
32.66
32.65
32.65
32.65
32.65
32.65
32.65
32.65
32.65
32.61
32.61
32.61
32.61
32.65
32.65
32.65
32.65
32.63
32.63
32.63
32.63
32.61
32.61
32.61
32.61
32.65
32.65
32.65
32.65
32.63
32.63
32.63
32.63
32.61
32.61
32.61
32.61
32.65
32.65
32.65
32.65
32.61
32.61
32.61
32.61
32.61
32.61
32.61
32.61
32.61
32.61
32.61
32.61
32.61
32.61
32.61
32.61
32.59
32.59
32.59
32.59
32.59
32.59
32.59
32.59
32.57
32.57
32.57
32.57
32.59
32.59
32.59
32.59
32.55
32.55
32.55
32.55
32.57
32.57
32.57
32.57
32.53
32.53
32.53
32.53
32.50
32.50
32.50
32.50
32.53
32.53
32.53
32.53
32.55
32.55
32.55
32.55
32.50
32.50
32.50
32.50
32.53
32.53
32.53
32.53
32.50
32.50
32.50
32.50
32.49
32.49
32.49
32.49
32.50
32.50
32.50
32.50
32.49
32.49
32.49
32.49
32.49
32.49
32.49
32.49
32.47
32.47
32.47
32.47
32.47
32.47
32.47
32.47
32.47
32.47
32.47
32.47
32.45
32.45
32.45
32.45
32.43
32.43
32.43
32.43
32.43
32.43
32.43
32.43
32.47
32.47
32.47
32.47
32.45
32.45
32.45
32.45
32.45
32.45
32.45
32.45
32.43
32.43
32.43
32.43
32.43
32.43
32.43
32.43
32.45
32.45
32.45
32.45
32.43
32.43
32.43
32.43
32.43
32.43
32.43
32.43
32.47
32.47
32.47
32.47
32.47
32.47
32.47
32.47
32.45
32.45
32.45
32.45
32.45
32.45
32.45
32.45
32.43
32.43
32.43
32.43
32.41
32.41
32.41
32.41
32.41
32.41
32.41
32.41
32.43
32.43
32.43
32.43
32.43
32.43
32.43
32.43
32.41
32.41
32.41
32.41
32.43
32.43
32.43
32.43
32.43
32.43
32.43
32.43
32.43
32.43
32.43
32.43
32.41
32.41
32.41
32.41
32.45
32.45
32.45
32.45
32.43
32.43
32.43
32.43
32.43
32.43
32.43
32.43
32.45
32.45
32.45
32.45
32.43
32.43
32.43
32.43
32.41
32.41
32.41
32.41
32.43
32.43
32.43
32.43
32.45
32.45
32.45
32.45
32.41
32.41
32.41
32.41
32.41
32.41
32.41
32.41
32.41
32.41
32.41
32.41
32.43
32.43
32.43
32.43
32.43
32.43
32.43
32.43
32.41
32.41
32.41
32.41
32.43
32.43
32.43
32.43
32.43
32.43
32.43
32.43
32.43
32.43
32.43
32.43
32.43
32.43
32.43
32.43
32.41
32.41
32.41
32.41
32.41
32.41
32.41
32.41
32.41
32.41
32.41
32.41
32.37
32.37
32.37
32.37
32.37
32.37
32.37
32.37
32.37
32.37
32.37
32.37
32.39
32.39
32.39
32.39
32.37
32.37
32.37
32.37
32.37
32.37
32.37
32.37
32.39
32.39
32.39
32.39
32.37
32.37
32.37
32.37
32.37
32.37
32.37
32.37
32.34
32.34
32.34
32.34
32.34
32.34
32.34
32.34
32.37
32.37
32.37
32.37
32.34
32.34
32.34
32.34
32.39
32.39
32.39
32.39
32.37
32.37
32.37
32.37
32.37
32.37
32.37
32.37
32.37
32.37
32.37
32.37
32.34
32.34
32.34
32.34
32.37
32.37
32.37
32.37
32.37
32.37
32.37
32.37
32.37
32.37
32.37
32.37
32.37
32.37
32.37
32.37
32.34
32.34
32.34
32.34
32.37
32.37
32.37
32.37
32.37
32.37
32.37
32.37
32.34
32.34
32.34
32.34
32.37
32.37
32.37
32.37
32.34
32.34
32.34
32.34
32.34
32.34
32.34
32.34
32.33
32.33
32.33
32.33
32.34
32.34
32.34
32.34
32.34
32.34
32.34
32.34
32.33
32.33
32.33
32.33
32.33
32.33
32.33
32.33
32.31
32.31
32.31
32.31
32.33
32.33
32.33
32.33
32.33
32.33
32.33
32.33
32.34
32.34
32.34
32.34
32.34
32.34
32.34
32.34
32.31
32.31
32.31
32.31
32.33
32.33
32.33
32.33
32.33
32.33
32.33
32.33
32.33
32.33
32.33
32.33
32.34
32.34
32.34
32.34
32.31
32.31
32.31
32.31
32.33
32.33
32.33
32.33
32.33
32.33
32.33
32.33
32.31
32.31
32.31
32.31
32.33
32.33
32.33
32.33
32.31
32.31
32.31
32.31
32.31
32.31
32.31
32.31
32.29
32.29
32.29
32.29
32.31
32.31
32.31
32.31
32.29
32.29
32.29
32.29
32.29
32.29
32.29
32.29
32.27
32.27
32.27
32.27
32.27
32.27
32.27
32.27
32.29
32.29
32.29
32.29
32.29
32.29
32.29
32.29
32.25
32.25
32.25
32.25
32.25
32.25
32.25
32.25
32.27
32.27
32.27
32.27
32.25
32.25
32.25
32.25
32.25
32.25
32.25
32.25
32.21
32.21
32.21
32.21
32.21
32.21
32.21
32.21
32.21
32.21
32.21
32.21
32.18
32.18
32.18
32.18
32.18
32.18
32.18
32.18
32.15
32.15
32.15
32.15
32.16
32.16
32.16
32.16
32.15
32.15
32.15
32.15
32.16
32.16
32.16
32.16
32.13
32.13
32.13
32.13
32.15
32.15
32.15
32.15
32.15
32.15
32.15
32.15
32.13
32.13
32.13
32.13
32.13
32.13
32.13
32.13
32.13
32.13
32.13
32.13
32.11
32.11
32.11
32.11
32.13
32.13
32.13
32.13
32.13
32.13
32.13
32.13
32.13
32.13
32.13
32.13
32.13
32.13
32.13
32.13
32.11
32.11
32.11
32.11
32.11
32.11
32.11
32.11
32.11
32.11
32.11
32.11
32.11
32.11
32.11
32.11
32.11
32.11
32.11
32.11
32.11
32.11
32.11
32.11
32.11
32.11
32.11
32.11
32.11
32.11
32.11
32.11
32.09
32.09
32.09
32.09
32.11
32.11
32.11
32.11
32.09
32.09
32.09
32.09
32.09
32.09
32.09
32.09
32.07
32.07
32.07
32.07
32.05
32.05
32.05
32.05
32.05
32.05
32.05
32.05
32.07
32.07
32.07
32.07
32.05
32.05
32.05
32.05
32.05
32.05
32.05
32.05
32.05
32.05
32.05
32.05
32.05
32.05
32.05
32.05
32.05
32.05
32.05
32.05
32.05
32.05
32.05
32.05
32.03
32.03
32.03
32.03
32.03
32.03
32.03
32.03
32.03
32.03
32.03
32.03
32.05
32.05
32.05
32.05
32.00
32.00
32.00
32.00
32.00
32.00
32.00
32.00
32.05
32.05
32.05
32.05
32.03
32.03
32.03
32.03
32.03
32.03
32.03
32.03
32.03
32.03
32.03
32.03
32.03
32.03
32.03
32.03
32.05
32.05
32.05
32.05
32.00
32.00
32.00
32.00
32.03
32.03
32.03
32.03
32.00
32.00
32.00
32.00
32.03
32.03
32.03
32.03
31.99
31.99
31.99
31.99
32.00
32.00
32.00
32.00
31.99
31.99
31.99
31.99
31.99
31.99
31.99
31.99
31.99
31.99
31.99
31.99
31.97
31.97
31.97
31.97
31.99
31.99
31.99
31.99
31.97
31.97
31.97
31.97
31.97
31.97
31.97
31.97
31.99
31.99
31.99
31.99
31.95
31.95
31.95
31.95
31.97
31.97
31.97
31.97
31.97
31.97
31.97
31.97
31.97
31.97
31.97
31.97
31.97
31.97
31.97
31.97
31.95
31.95
31.95
31.95
31.93
31.93
31.93
31.93
31.91
31.91
31.91
31.91
31.89
31.89
31.89
31.89
31.91
31.91
31.91
31.91
31.89
31.89
31.89
31.89
31.89
31.89
31.89
31.89
31.87
31.87
31.87
31.87
31.89
31.89
31.89
31.89
31.87
31.87
31.87
31.87
31.89
31.89
31.89
31.89
31.87
31.87
31.87
31.87
31.89
31.89
31.89
31.89
31.87
31.87
31.87
31.87
31.87
31.87
31.87
31.87
31.89
31.89
31.89
31.89
31.85
31.85
31.85
31.85
31.85
31.85
31.85
31.85
31.85
31.85
31.85
31.85
31.83
31.83
31.83
31.83
31.81
31.81
31.81
31.81
31.81
31.81
31.81
31.81
31.81
31.81
31.81
31.81
31.81
31.81
31.81
31.81
31.83
31.83
31.83
31.83
31.83
31.83
31.83
31.83
31.81
31.81
31.81
31.81
31.81
31.81
31.81
31.81
31.83
31.83
31.83
31.83
31.83
31.83
31.83
31.83
31.83
31.83
31.83
31.83
31.83
31.83
31.83
31.83
31.83
31.83
31.83
31.83
31.83
31.83
31.83
31.83
31.83
31.83
31.83
31.83
31.83
31.83
31.83
31.83
31.85
31.85
31.85
31.85
31.81
31.81
31.81
31.81
31.83
31.83
31.83
31.83
31.85
31.85
31.85
31.85
31.85
31.85
31.85
31.85
31.81
31.81
31.81
31.81
31.85
31.85
31.85
31.85
31.83
31.83
31.83
31.83
31.83
31.83
31.83
31.83
31.85
31.85
31.85
31.85
31.83
31.83
31.83
31.83
31.83
31.83
31.83
31.83
31.85
31.85
31.85
31.85
31.83
31.83
31.83
31.83
31.83
31.83
31.83
31.83
31.83
31.83
31.83
31.83
31.85
31.85
31.85
31.85
31.87
31.87
31.87
31.87
31.87
31.87
31.87
31.87
31.85
31.85
31.85
31.85
31.85
31.85
31.85
31.85
31.85
31.85
31.85
31.85
31.85
31.85
31.85
31.85
31.85
31.85
31.85
31.85
31.81
31.81
31.81
31.81
31.81
31.81
31.81
31.81
31.83
31.83
31.83
31.83
31.79
31.79
31.79
31.79
31.81
31.81
31.81
31.81
31.79
31.79
31.79
31.79
31.77
31.77
31.77
31.77
31.79
31.79
31.79
31.79
31.77
31.77
31.77
31.77
31.71
31.71
31.71
31.71
31.73
31.73
31.73
31.73
31.69
31.69
31.69
31.69
31.73
31.73
31.73
31.73
31.69
31.69
31.69
31.69
31.71
31.71
31.71
31.71
31.73
31.73
31.73
31.73
31.71
31.71
31.71
31.71
31.73
31.73
31.73
31.73
31.69
31.69
31.69
31.69
31.67
31.67
31.67
31.67
31.69
31.69
31.69
31.69
31.69
31.69
31.69
31.69
31.69
31.69
31.69
31.69
31.69
31.69
31.69
31.69
31.69
31.69
31.69
31.69
31.69
31.69
31.69
31.69
31.67
31.67
31.67
31.67
31.65
31.65
31.65
31.65
31.63
31.63
31.63
31.63
31.63
31.63
31.63
31.63
31.67
31.67
31.67
31.67
31.65
31.65
31.65
31.65
31.59
31.59
31.59
31.59
31.61
31.61
31.61
31.61
31.63
31.63
31.63
31.63
31.59
31.59
31.59
31.59
31.59
31.59
31.59
31.59
31.59
31.59
31.59
31.59
31.55
31.55
31.55
31.55
31.55
31.55
31.55
31.55
31.57
31.57
31.57
31.57
31.53
31.53
31.53
31.53
31.55
31.55
31.55
31.55
31.55
31.55
31.55
31.55
31.53
31.53
31.53
31.53
31.51
31.51
31.51
31.51
31.53
31.53
31.53
31.53
31.51
31.51
31.51
31.51
31.45
31.45
31.45
31.45
31.45
31.45
31.45
31.45
31.49
31.49
31.49
31.49
31.45
31.45
31.45
31.45
31.45
31.45
31.45
31.45
31.43
31.43
31.43
31.43
31.43
31.43
31.43
31.43
31.41
31.41
31.41
31.41
31.41
31.41
31.41
31.41
31.39
31.39
31.39
31.39
31.37
31.37
31.37
31.37
31.39
31.39
31.39
31.39
31.37
31.37
31.37
31.37
31.37
31.37
31.37
31.37
31.35
31.35
31.35
31.35
31.37
31.37
31.37
31.37
31.35
31.35
31.35
31.35
31.33
31.33
31.33
31.33
31.37
31.37
31.37
31.37
31.37
31.37
31.37
31.37
31.33
31.33
31.33
31.33
31.35
31.35
31.35
31.35
31.35
31.35
31.35
31.35
31.39
31.39
31.39
31.39
31.37
31.37
31.37
31.37
31.41
31.41
31.41
31.41
31.39
31.39
31.39
31.39
31.39
31.39
31.39
31.39
31.41
31.41
31.41
31.41
31.41
31.41
31.41
31.41
31.41
31.41
31.41
31.41
31.39
31.39
31.39
31.39
31.39
31.39
31.39
31.39
31.39
31.39
31.39
31.39
31.39
31.39
31.39
31.39
31.39
31.39
31.39
31.39
31.41
31.41
31.41
31.41
31.37
31.37
31.37
31.37
31.39
31.39
31.39
31.39
31.41
31.41
31.41
31.41
31.39
31.39
31.39
31.39
31.39
31.39
31.39
31.39
31.41
31.41
31.41
31.41
31.41
31.41
31.41
31.41
31.39
31.39
31.39
31.39
31.41
31.41
31.41
31.41
31.41
31.41
31.41
31.41
31.41
31.41
31.41
31.41
31.43
31.43
31.43
31.43
31.41
31.41
31.41
31.41
31.41
31.41
31.41
31.41
31.41
31.41
31.41
31.41
31.43
31.43
31.43
31.43
26.21
26.21
26.21
26.21
26.95
26.95
26.95
26.95
27.07
27.07
27.07
27.07
26.95
26.95
26.95
26.95
27.13
27.13
27.13
27.13
27.13
27.13
27.13
27.13
27.07
27.07
27.07
27.07
27.05
27.05
27.05
27.05
26.91
26.91
26.91
26.91
26.99
26.99
26.99
26.99
26.91
26.91
26.91
26.91
26.93
26.93
26.93
26.93
27.19
27.19
27.19
27.19
27.05
27.05
27.05
27.05
26.83
26.83
26.83
26.83
27.77
27.77
27.77
27.77
26.73
26.73
26.73
26.73
26.91
26.91
26.91
26.91
26.83
26.83
26.83
26.83
26.79
26.79
26.79
26.79
27.47
27.47
27.47
27.47
25.11
25.11
25.11
25.11
24.97
24.97
24.97
24.97
24.43
24.43
24.43
24.43
24.43
24.43
24.43
24.43
24.43
24.43
24.43
24.43
24.43
24.43
24.43
24.43
24.41
24.41
24.41
24.41
24.37
24.37
24.37
24.37
24.31
24.31
24.31
24.31
24.29
24.29
24.29
24.29
24.27
24.27
24.27
24.27
24.27
24.27
24.27
24.27
24.21
24.21
24.21
24.21
24.17
24.17
24.17
24.17
24.15
24.15
24.15
24.15
24.09
24.09
24.09
24.09
24.07
24.07
24.07
24.07
24.09
24.09
24.09
24.09
24.07
24.07
24.07
24.07
24.03
24.03
24.03
24.03
23.97
23.97
23.97
23.97
23.95
23.95
23.95
23.95
23.97
23.97
23.97
23.97
23.95
23.95
23.95
23.95
23.97
23.97
23.97
23.97
23.93
23.93
23.93
23.93
23.87
23.87
23.87
23.87
23.85
23.85
23.85
23.85
23.87
23.87
23.87
23.87
23.85
23.85
23.85
23.85
23.83
23.83
23.83
23.83
23.83
23.83
23.83
23.83
23.81
23.81
23.81
23.81
23.79
23.79
23.79
23.79
23.79
23.79
23.79
23.79
23.77
23.77
23.77
23.77
23.77
23.77
23.77
23.77
23.71
23.71
23.71
23.71
23.69
23.69
23.69
23.69
23.69
23.69
23.69
23.69
23.67
23.67
23.67
23.67
23.67
23.67
23.67
23.67
23.67
23.67
23.67
23.67
23.65
23.65
23.65
23.65
23.65
23.65
23.65
23.65
23.63
23.63
23.63
23.63
23.59
23.59
23.59
23.59
23.59
23.59
23.59
23.59
23.59
23.59
23.59
23.59
23.57
23.57
23.57
23.57
23.51
23.51
23.51
23.51
23.49
23.49
23.49
23.49
23.47
23.47
23.47
23.47
23.43
23.43
23.43
23.43
23.45
23.45
23.45
23.45
23.43
23.43
23.43
23.43
23.43
23.43
23.43
23.43
23.37
23.37
23.37
23.37
23.37
23.37
23.37
23.37
23.33
23.33
23.33
23.33
23.37
23.37
23.37
23.37
23.35
23.35
23.35
23.35
23.33
23.33
23.33
23.33
23.31
23.31
23.31
23.31
23.33
23.33
23.33
23.33
23.29
23.29
23.29
23.29
23.29
23.29
23.29
23.29
23.97
23.97
23.97
23.97
23.31
23.31
23.31
23.31
23.27
23.27
23.27
23.27
23.27
23.27
23.27
23.27
23.25
23.25
23.25
23.25
23.17
23.17
23.17
23.17
23.15
23.15
23.15
23.15
23.15
23.15
23.15
23.15
23.15
23.15
23.15
23.15
23.13
23.13
23.13
23.13
23.13
23.13
23.13
23.13
23.13
23.13
23.13
23.13
23.09
23.09
23.09
23.09
23.09
23.09
23.09
23.09
23.07
23.07
23.07
23.07
23.05
23.05
23.05
23.05
23.05
23.05
23.05
23.05
23.05
23.05
23.05
23.05
23.03
23.03
23.03
23.03
23.01
23.01
23.01
23.01
23.01
23.01
23.01
23.01
23.03
23.03
23.03
23.03
22.99
22.99
22.99
22.99
22.97
22.97
22.97
22.97
22.97
22.97
22.97
22.97
22.97
22.97
22.97
22.97
22.99
22.99
22.99
22.99
22.99
22.99
22.99
22.99
22.95
22.95
22.95
22.95
22.93
22.93
22.93
22.93
22.93
22.93
22.93
22.93
22.89
22.89
22.89
22.89
22.87
22.87
22.87
22.87
22.87
22.87
22.87
22.87
22.87
22.87
22.87
22.87
22.87
22.87
22.87
22.87
22.83
22.83
22.83
22.83
22.85
22.85
22.85
22.85
22.87
22.87
22.87
22.87
22.83
22.83
22.83
22.83
22.79
22.79
22.79
22.79
22.79
22.79
22.79
22.79
22.77
22.77
22.77
22.77
22.79
22.79
22.79
22.79
22.77
22.77
22.77
22.77
22.75
22.75
22.75
22.75
22.73
22.73
22.73
22.73
22.71
22.71
22.71
22.71
22.69
22.69
22.69
22.69
22.71
22.71
22.71
22.71
22.71
22.71
22.71
22.71
22.71
22.71
22.71
22.71
22.69
22.69
22.69
22.69
22.67
22.67
22.67
22.67
22.69
22.69
22.69
22.69
22.65
22.65
22.65
22.65
22.65
22.65
22.65
22.65
22.65
22.65
22.65
22.65
22.61
22.61
22.61
22.61
22.63
22.63
22.63
22.63
22.61
22.61
22.61
22.61
22.59
22.59
22.59
22.59
22.61
22.61
22.61
22.61
22.59
22.59
22.59
22.59
22.59
22.59
22.59
22.59
22.57
22.57
22.57
22.57
22.59
22.59
22.59
22.59
22.57
22.57
22.57
22.57
22.55
22.55
22.55
22.55
22.55
22.55
22.55
22.55
22.57
22.57
22.57
22.57
22.53
22.53
22.53
22.53
22.53
22.53
22.53
22.53
22.51
22.51
22.51
22.51
22.51
22.51
22.51
22.51
22.49
22.49
22.49
22.49
22.47
22.47
22.47
22.47
22.47
22.47
22.47
22.47
22.49
22.49
22.49
22.49
22.47
22.47
22.47
22.47
22.49
22.49
22.49
22.49
22.49
22.49
22.49
22.49
22.49
22.49
22.49
22.49
22.47
22.47
22.47
22.47
22.45
22.45
22.45
22.45
22.43
22.43
22.43
22.43
22.45
22.45
22.45
22.45
22.45
22.45
22.45
22.45
22.43
22.43
22.43
22.43
22.41
22.41
22.41
22.41
22.41
22.41
22.41
22.41
22.39
22.39
22.39
22.39
22.41
22.41
22.41
22.41
22.41
22.41
22.41
22.41
22.37
22.37
22.37
22.37
22.37
22.37
22.37
22.37
22.37
22.37
22.37
22.37
22.37
22.37
22.37
22.37
22.37
22.37
22.37
22.37
22.35
22.35
22.35
22.35
22.35
22.35
22.35
22.35
22.33
22.33
22.33
22.33
22.33
22.33
22.33
22.33
22.31
22.31
22.31
22.31
22.31
22.31
22.31
22.31
22.29
22.29
22.29
22.29
22.29
22.29
22.29
22.29
22.31
22.31
22.31
22.31
22.31
22.31
22.31
22.31
22.27
22.27
22.27
22.27
22.29
22.29
22.29
22.29
22.27
22.27
22.27
22.27
22.27
22.27
22.27
22.27
22.25
22.25
22.25
22.25
22.25
22.25
22.25
22.25
22.25
22.25
22.25
22.25
22.25
22.25
22.25
22.25
22.23
22.23
22.23
22.23
22.25
22.25
22.25
22.25
22.21
22.21
22.21
22.21
22.21
22.21
22.21
22.21
22.19
22.19
22.19
22.19
22.19
22.19
22.19
22.19
22.21
22.21
22.21
22.21
22.17
22.17
22.17
22.17
22.19
22.19
22.19
22.19
22.15
22.15
22.15
22.15
22.17
22.17
22.17
22.17
22.17
22.17
22.17
22.17
22.17
22.17
22.17
22.17
22.17
22.17
22.17
22.17
22.17
22.17
22.17
22.17
22.17
22.17
22.17
22.17
22.15
22.15
22.15
22.15
22.13
22.13
22.13
22.13
22.11
22.11
22.11
22.11
22.13
22.13
22.13
22.13
22.13
22.13
22.13
22.13
22.13
22.13
22.13
22.13
22.11
22.11
22.11
22.11
22.09
22.09
22.09
22.09
22.13
22.13
22.13
22.13
22.11
22.11
22.11
22.11
22.09
22.09
22.09
22.09
22.11
22.11
22.11
22.11
22.07
22.07
22.07
22.07
22.07
22.07
22.07
22.07
22.09
22.09
22.09
22.09
22.05
22.05
22.05
22.05
22.05
22.05
22.05
22.05
22.07
22.07
22.07
22.07
22.05
22.05
22.05
22.05
22.05
22.05
22.05
22.05
22.03
22.03
22.03
22.03
22.01
22.01
22.01
22.01
22.03
22.03
22.03
22.03
22.03
22.03
22.03
22.03
22.05
22.05
22.05
22.05
22.05
22.05
22.05
22.05
22.05
22.05
22.05
22.05
22.05
22.05
22.05
22.05
22.01
22.01
22.01
22.01
22.01
22.01
22.01
22.01
22.05
22.05
22.05
22.05
22.01
22.01
22.01
22.01
22.03
22.03
22.03
22.03
22.05
22.05
22.05
22.05
21.97
21.97
21.97
21.97
22.01
22.01
22.01
22.01
22.01
22.01
22.01
22.01
22.01
22.01
22.01
22.01
21.99
21.99
21.99
21.99
21.97
21.97
21.97
21.97
21.97
21.97
21.97
21.97
21.97
21.97
21.97
21.97
21.97
21.97
21.97
21.97
21.97
21.97
21.97
21.97
21.97
21.97
21.97
21.97
21.97
21.97
21.97
21.97
21.97
21.97
21.97
21.97
21.95
21.95
21.95
21.95
21.95
21.95
21.95
21.95
21.97
21.97
21.97
21.97
21.95
21.95
21.95
21.95
21.95
21.95
21.95
21.95
21.93
21.93
21.93
21.93
21.91
21.91
21.91
21.91
21.91
21.91
21.91
21.91
21.89
21.89
21.89
21.89
21.89
21.89
21.89
21.89
21.91
21.91
21.91
21.91
21.89
21.89
21.89
21.89
21.89
21.89
21.89
21.89
21.89
21.89
21.89
21.89
21.91
21.91
21.91
21.91
21.87
21.87
21.87
21.87
21.89
21.89
21.89
21.89
21.89
21.89
21.89
21.89
21.89
21.89
21.89
21.89
21.89
21.89
21.89
21.89
21.91
21.91
21.91
21.91
21.91
21.91
21.91
21.91
21.91
21.91
21.91
21.91
21.89
21.89
21.89
21.89
21.89
21.89
21.89
21.89
21.89
21.89
21.89
21.89
21.85
21.85
21.85
21.85
21.87
21.87
21.87
21.87
21.87
21.87
21.87
21.87
21.89
21.89
21.89
21.89
21.87
21.87
21.87
21.87
21.87
21.87
21.87
21.87
21.87
21.87
21.87
21.87
21.85
21.85
21.85
21.85
21.87
21.87
21.87
21.87
21.83
21.83
21.83
21.83
21.85
21.85
21.85
21.85
21.83
21.83
21.83
21.83
21.83
21.83
21.83
21.83
21.83
21.83
21.83
21.83
21.83
21.83
21.83
21.83
21.83
21.83
21.83
21.83
21.81
21.81
21.81
21.81
21.81
21.81
21.81
21.81
21.79
21.79
21.79
21.79
21.79
21.79
21.79
21.79
21.79
21.79
21.79
21.79
21.79
21.79
21.79
21.79
21.79
21.79
21.79
21.79
21.77
21.77
21.77
21.77
21.79
21.79
21.79
21.79
21.79
21.79
21.79
21.79
21.79
21.79
21.79
21.79
21.79
21.79
21.79
21.79
21.77
21.77
21.77
21.77
21.81
21.81
21.81
21.81
21.81
21.81
21.81
21.81
21.81
21.81
21.81
21.81
21.79
21.79
21.79
21.79
21.77
21.77
21.77
21.77
21.77
21.77
21.77
21.77
21.77
21.77
21.77
21.77
21.77
21.77
21.77
21.77
21.75
21.75
21.75
21.75
21.75
21.75
21.75
21.75
21.77
21.77
21.77
21.77
21.77
21.77
21.77
21.77
21.77
21.77
21.77
21.77
21.75
21.75
21.75
21.75
21.75
21.75
21.75
21.75
21.77
21.77
21.77
21.77
21.71
21.71
21.71
21.71
21.75
21.75
21.75
21.75
21.75
21.75
21.75
21.75
21.75
21.75
21.75
21.75
21.77
21.77
21.77
21.77
21.77
21.77
21.77
21.77
21.77
21.77
21.77
21.77
21.73
21.73
21.73
21.73
21.73
21.73
21.73
21.73
21.75
21.75
21.75
21.75
21.71
21.71
21.71
21.71
21.73
21.73
21.73
21.73
21.73
21.73
21.73
21.73
21.71
21.71
21.71
21.71
21.73
21.73
21.73
21.73
21.71
21.71
21.71
21.71
21.73
21.73
21.73
21.73
21.73
21.73
21.73
21.73
21.71
21.71
21.71
21.71
21.71
21.71
21.71
21.71
21.71
21.71
21.71
21.71
21.71
21.71
21.71
21.71
21.71
21.71
21.71
21.71
21.71
21.71
21.71
21.71
21.71
21.71
21.71
21.71
21.75
21.75
21.75
21.75
21.73
21.73
21.73
21.73
21.71
21.71
21.71
21.71
21.75
21.75
21.75
21.75
21.73
21.73
21.73
21.73
21.71
21.71
21.71
21.71
21.79
21.79
21.79
21.79
21.77
21.77
21.77
21.77
21.79
21.79
21.79
21.79
21.79
21.79
21.79
21.79
21.81
21.81
21.81
21.81
21.81
21.81
21.81
21.81
21.79
21.79
21.79
21.79
21.81
21.81
21.81
21.81
21.79
21.79
21.79
21.79
21.79
21.79
21.79
21.79
21.83
21.83
21.83
21.83
21.79
21.79
21.79
21.79
21.85
21.85
21.85
21.85
21.77
21.77
21.77
21.77
21.79
21.79
21.79
21.79
21.77
21.77
21.77
21.77
21.81
21.81
21.81
21.81
21.77
21.77
21.77
21.77
21.77
21.77
21.77
21.77
21.79
21.79
21.79
21.79
21.77
21.77
21.77
21.77
21.79
21.79
21.79
21.79
21.85
21.85
21.85
21.85
21.79
21.79
21.79
21.79
21.77
21.77
21.77
21.77
21.75
21.75
21.75
21.75
21.77
21.77
21.77
21.77
21.79
21.79
21.79
21.79
21.79
21.79
21.79
21.79
21.79
21.79
21.79
21.79
21.77
21.77
21.77
21.77
21.77
21.77
21.77
21.77
21.75
21.75
21.75
21.75
21.75
21.75
21.75
21.75
21.73
21.73
21.73
21.73
21.73
21.73
21.73
21.73
21.77
21.77
21.77
21.77
21.73
21.73
21.73
21.73
21.69
21.69
21.69
21.69
21.69
21.69
21.69
21.69
21.67
21.67
21.67
21.67
21.75
21.75
21.75
21.75
21.73
21.73
21.73
21.73
21.69
21.69
21.69
21.69
21.71
21.71
21.71
21.71
22.79
22.79
22.79
22.79
21.73
21.73
21.73
21.73
21.77
21.77
21.77
21.77
21.75
21.75
21.75
21.75
21.77
21.77
21.77
21.77
21.77
21.77
21.77
21.77
21.75
21.75
21.75
21.75
21.81
21.81
21.81
21.81
21.81
21.81
21.81
21.81
21.81
21.81
21.81
21.81
21.81
21.81
21.81
21.81
21.81
21.81
21.81
21.81
21.81
21.81
21.81
21.81
21.83
21.83
21.83
21.83
21.81
21.81
21.81
21.81
21.81
21.81
21.81
21.81
21.79
21.79
21.79
21.79
21.79
21.79
21.79
21.79
21.79
21.79
21.79
21.79
21.81
21.81
21.81
21.81
21.79
21.79
21.79
21.79
21.79
21.79
21.79
21.79
21.79
21.79
21.79
21.79
21.81
21.81
21.81
21.81
21.81
21.81
21.81
21.81
21.81
21.81
21.81
21.81
21.81
21.81
21.81
21.81
21.81
21.81
21.81
21.81
21.79
21.79
21.79
21.79
21.81
21.81
21.81
21.81
21.77
21.77
21.77
21.77
21.77
21.77
21.77
21.77
21.79
21.79
21.79
21.79
21.77
21.77
21.77
21.77
21.77
21.77
21.77
21.77
21.77
21.77
21.77
21.77
21.77
21.77
21.77
21.77
21.79
21.79
21.79
21.79
21.79
21.79
21.79
21.79
21.77
21.77
21.77
21.77
21.79
21.79
21.79
21.79
21.81
21.81
21.81
21.81
21.79
21.79
21.79
21.79
21.81
21.81
21.81
21.81
21.81
21.81
21.81
21.81
21.81
21.81
21.81
21.81
21.81
21.81
21.81
21.81
21.79
21.79
21.79
21.79
21.79
21.79
21.79
21.79
21.79
21.79
21.79
21.79
21.77
21.77
21.77
21.77
21.79
21.79
21.79
21.79
21.79
21.79
21.79
21.79
21.81
21.81
21.81
21.81
21.79
21.79
21.79
21.79
21.79
21.79
21.79
21.79
21.83
21.83
21.83
21.83
21.81
21.81
21.81
21.81
21.81
21.81
21.81
21.81
21.81
21.81
21.81
21.81
21.83
21.83
21.83
21.83
21.81
21.81
21.81
21.81
21.81
21.81
21.81
21.81
21.83
21.83
21.83
21.83
21.81
21.81
21.81
21.81
21.77
21.77
21.77
21.77
21.81
21.81
21.81
21.81
21.79
21.79
21.79
21.79
21.79
21.79
21.79
21.79
21.77
21.77
21.77
21.77
21.79
21.79
21.79
21.79
21.79
21.79
21.79
21.79
21.77
21.77
21.77
21.77
21.77
21.77
21.77
21.77
21.77
21.77
21.77
21.77
21.77
21.77
21.77
21.77
21.77
21.77
21.77
21.77
21.77
21.77
21.77
21.77
21.75
21.75
21.75
21.75
21.77
21.77
21.77
21.77
21.75
21.75
21.75
21.75
21.77
21.77
21.77
21.77
21.77
21.77
21.77
21.77
21.75
21.75
21.75
21.75
21.79
21.79
21.79
21.79
21.77
21.77
21.77
21.77
21.79
21.79
21.79
21.79
21.75
21.75
21.75
21.75
21.79
21.79
21.79
21.79
21.79
21.79
21.79
21.79
21.79
21.79
21.79
21.79
21.79
21.79
21.79
21.79
21.79
21.79
21.79
21.79
21.79
21.79
21.79
21.79
21.79
21.79
21.79
21.79
21.79
21.79
21.79
21.79
21.81
21.81
21.81
21.81
21.79
21.79
21.79
21.79
21.79
21.79
21.79
21.79
21.79
21.79
21.79
21.79
21.77
21.77
21.77
21.77
21.79
21.79
21.79
21.79
21.77
21.77
21.77
21.77
21.77
21.77
21.77
21.77
21.75
21.75
21.75
21.75
21.75
21.75
21.75
21.75
21.77
21.77
21.77
21.77
21.75
21.75
21.75
21.75
21.75
21.75
21.75
21.75
21.77
21.77
21.77
21.77
21.79
21.79
21.79
21.79
21.79
21.79
21.79
21.79
21.77
21.77
21.77
21.77
21.77
21.77
21.77
21.77
21.77
21.77
21.77
21.77
21.77
21.77
21.77
21.77
21.75
21.75
21.75
21.75
21.77
21.77
21.77
21.77
21.73
21.73
21.73
21.73
21.75
21.75
21.75
21.75
21.77
21.77
21.77
21.77
21.75
21.75
21.75
21.75
21.75
21.75
21.75
21.75
21.75
21.75
21.75
21.75
21.75
21.75
21.75
21.75
21.73
21.73
21.73
21.73
21.77
21.77
21.77
21.77
21.77
21.77
21.77
21.77
21.73
21.73
21.73
21.73
21.75
21.75
21.75
21.75
21.77
21.77
21.77
21.77
21.75
21.75
21.75
21.75
21.77
21.77
21.77
21.77
21.73
21.73
21.73
21.73
21.71
21.71
21.71
21.71
21.73
21.73
21.73
21.73
21.73
21.73
21.73
21.73
21.73
21.73
21.73
21.73
21.75
21.75
21.75
21.75
21.75
21.75
21.75
21.75
21.75
21.75
21.75
21.75
21.71
21.71
21.71
21.71
21.73
21.73
21.73
21.73
21.71
21.71
21.71
21.71
21.73
21.73
21.73
21.73
21.73
21.73
21.73
21.73
21.75
21.75
21.75
21.75
21.73
21.73
21.73
21.73
21.73
21.73
21.73
21.73
21.73
21.73
21.73
21.73
21.73
21.73
21.73
21.73
21.77
21.77
21.77
21.77
21.71
21.71
21.71
21.71
21.73
21.73
21.73
21.73
21.71
21.71
21.71
21.71
21.71
21.71
21.71
21.71
21.69
21.69
21.69
21.69
21.73
21.73
21.73
21.73
21.73
21.73
21.73
21.73
21.71
21.71
21.71
21.71
21.73
21.73
21.73
21.73
21.71
21.71
21.71
21.71
21.71
21.71
21.71
21.71
21.73
21.73
21.73
21.73
21.75
21.75
21.75
21.75
21.75
21.75
21.75
21.75
21.75
21.75
21.75
21.75
21.73
21.73
21.73
21.73
21.75
21.75
21.75
21.75
21.75
21.75
21.75
21.75
21.75
21.75
21.75
21.75
21.75
21.75
21.75
21.75
21.73
21.73
21.73
21.73
21.73
21.73
21.73
21.73
21.75
21.75
21.75
21.75
21.75
21.75
21.75
21.75
21.75
21.75
21.75
21.75
21.73
21.73
21.73
21.73
21.75
21.75
21.75
21.75
21.75
21.75
21.75
21.75
21.73
21.73
21.73
21.73
21.73
21.73
21.73
21.73
21.73
21.73
21.73
21.73
21.75
21.75
21.75
21.75
21.75
21.75
21.75
21.75
21.75
21.75
21.75
21.75
21.77
21.77
21.77
21.77
21.73
21.73
21.73
21.73
21.73
21.73
21.73
21.73
21.75
21.75
21.75
21.75
21.75
21.75
21.75
21.75
21.75
21.75
21.75
21.75
21.77
21.77
21.77
21.77
21.77
21.77
21.77
21.77
21.77
21.77
21.77
21.77
21.77
21.77
21.77
21.77
21.77
21.77
21.77
21.77
21.77
21.77
21.77
21.77
21.73
21.73
21.73
21.73
21.77
21.77
21.77
21.77
21.77
21.77
21.77
21.77
21.75
21.75
21.75
21.75
21.79
21.79
21.79
21.79
21.77
21.77
21.77
21.77
21.77
21.77
21.77
21.77
21.77
21.77
21.77
21.77
21.77
21.77
21.77
21.77
21.77
21.77
21.77
21.77
21.77
21.77
21.77
21.77
21.75
21.75
21.75
21.75
21.79
21.79
21.79
21.79
21.77
21.77
21.77
21.77
21.77
21.77
21.77
21.77
21.79
21.79
21.79
21.79
21.79
21.79
21.79
21.79
21.75
21.75
21.75
21.75
21.77
21.77
21.77
21.77
21.75
21.75
21.75
21.75
21.77
21.77
21.77
21.77
21.79
21.79
21.79
21.79
21.77
21.77
21.77
21.77
21.77
21.77
21.77
21.77
21.79
21.79
21.79
21.79
21.75
21.75
21.75
21.75
21.77
21.77
21.77
21.77
21.77
21.77
21.77
21.77
21.77
21.77
21.77
21.77
21.77
21.77
21.77
21.77
21.77
21.77
21.77
21.77
21.77
21.77
21.77
21.77
21.77
21.77
21.77
21.77
21.77
21.77
21.77
21.77
21.77
21.77
21.77
21.77
21.79
21.79
21.79
21.79
21.77
21.77
21.77
21.77
21.77
21.77
21.77
21.77
21.79
21.79
21.79
21.79
21.79
21.79
21.79
21.79
21.77
21.77
21.77
21.77
21.81
21.81
21.81
21.81
21.81
21.81
21.81
21.81
21.79
21.79
21.79
21.79
22.39
22.39
22.39
22.39
22.69
22.69
22.69
22.69
22.85
22.85
22.85
22.85
