1651782797.000000
4.000000
0.000000
0.825376
1.171686
1.611357
2.089508
2.578012
3.079193
3.576600
4.074347
4.573254
5.072608
5.570201
6.070896
6.570242
7.068222
7.568842
8.067987
8.567032
9.065432
9.578234
10.096193
10.600368
11.100169
11.603132
12.103410
12.606654
13.105885
13.607562
14.110591
14.445790
13.928008
13.688341
13.552487
13.589655
13.579402
13.478152
14.368892
14.584208
14.988508
15.225855
15.273275
15.306598
15.419382
15.098972
14.808041
14.649117
14.508137
14.960555
15.124605
15.222010
15.369398
15.445015
15.514224
15.182332
15.671919
15.711650
15.541191
15.505305
15.502742
15.430970
15.038789
15.329720
15.525812
15.545036
15.683454
15.727029
15.610400
15.325876
14.824755
14.346650
14.293859
13.823498
13.720383
14.203561
14.248418
14.093340
13.602471
13.341017
13.451828
13.532571
13.606906
13.713283
13.783772
13.804279
13.792744
13.838883
13.628695
13.600498
13.765830
13.936288
14.036256
14.236883
14.298402
14.529097
14.266946
14.013181
13.983703
14.018308
14.097769
14.175949
14.119556
14.197737
14.202864
13.823498
13.631949
13.729354
14.133070
14.429130
14.462452
14.730899
14.823177
14.887259
14.933398
15.026958
15.055397
14.986188
14.940049
14.859305
14.823420
14.387662
14.259255
14.624523
14.379729
13.970886
13.824780
13.443548
13.439012
13.503094
13.572302
13.644073
13.788899
13.859389
13.838883
13.849136
13.836320
13.970892
14.151013
14.113846
14.115128
14.297120
14.443227
14.529097
14.819332
14.702703
14.451502
14.224651
14.213117
14.427151
14.612988
14.680915
14.730899
14.536090
14.359223
14.255410
14.333591
14.414334
14.120838
14.293859
14.810361
14.983382
15.359145
15.350174
15.464240
15.401493
15.106715
14.824755
14.323581
14.541216
14.978255
15.247643
15.280965
15.309161
15.229700
15.228418
15.106663
14.788815
14.324862
13.823498
13.607598
13.401254
14.109309
14.611122
15.097448
14.755493
14.455589
15.056436
15.612910
15.898769
16.080761
16.615271
17.118750
17.335196
16.582872
17.176271
16.982744
16.353460
16.225447
16.343357
16.609938
17.018782
17.042982
17.113472
16.805878
16.743078
16.353460
15.887094
15.861667
15.834752
16.194893
16.325621
16.339718
16.569132
17.009809
17.204468
17.295465
17.350574
17.285212
17.222412
17.191652
17.166019
17.098093
17.241636
16.880213
16.980181
17.026320
17.053234
17.091684
17.309563
17.364674
17.282648
17.107063
16.907127
16.759739
16.657207
16.600817
16.581591
16.564930
16.572620
16.589281
16.600817
16.600817
16.580309
16.613632
16.644392
16.613632
16.584154
16.564930
16.566212
16.581591
16.535452
16.484186
16.411283
16.357454
16.239544
16.148548
16.344639
16.160082
16.128042
16.176744
16.329260
16.518942
16.848324
16.905996
16.858576
16.791931
16.791931
16.816282
16.682991
16.102409
16.043453
16.129324
16.052425
15.957583
15.818091
15.819372
15.883454
15.788613
15.616874
15.405403
15.114406
15.173361
14.927286
14.815730
14.595288
14.734986
14.805477
14.345368
14.427151
14.682197
14.618114
14.305394
14.191329
14.010617
14.054193
14.120838
14.142627
13.823498
13.323074
13.241639
14.019594
14.399652
14.234320
13.433295
13.536416
13.774801
13.922190
14.081113
14.193308
14.143324
14.231756
14.339415
14.316345
14.362484
14.411186
14.359921
14.357357
14.320189
14.313782
14.315063
14.267643
14.235601
14.181772
14.180491
14.122817
14.081805
14.075397
14.070270
14.061298
14.016441
13.961330
13.906220
13.857518
13.789591
13.706285
13.630668
13.574275
13.565304
13.599908
13.717819
13.829322
13.906220
14.013878
14.108719
14.326598
14.266361
14.304811
14.345822
14.416313
14.436819
14.318908
14.375300
14.397088
14.384272
14.481676
14.660409
14.678351
14.746279
14.814205
14.830867
14.850092
14.874443
14.893667
14.891104
14.839838
14.818050
14.771912
14.701422
14.586074
14.474571
14.395109
14.350252
14.257974
14.228497
14.177231
14.122120
14.067010
13.969605
13.868356
13.760113
13.722945
13.748578
13.767803
13.789591
13.766521
13.778056
13.749860
13.696032
13.646048
13.683215
13.717819
13.748578
13.705003
13.690905
13.685778
13.672961
13.633231
13.576838
13.517883
13.484561
13.497377
13.488405
13.469181
13.470463
13.457646
13.349297
13.286496
13.216006
13.075026
13.040421
12.998128
13.009663
13.040421
12.982748
12.950706
12.897533
12.861648
12.877027
12.868055
12.827043
12.787313
12.684781
12.560462
12.502789
12.442551
12.340746
12.251031
12.142092
12.079291
11.992140
11.880637
11.771026
11.686437
11.649269
11.576216
11.537766
11.442925
11.329300
11.253683
11.190883
11.140899
11.012734
10.888415
10.750842
10.679070
10.584229
10.482980
10.448376
10.450377
10.354255
10.279920
10.176106
10.021029
9.914652
9.782681
9.634011
9.391782
9.384883
9.445120
9.395136
9.516891
9.661717
9.565594
9.879596
9.761685
8.808146
8.291468
8.156749
8.951365
9.250134
9.292428
9.482111
9.515610
9.823204
9.877032
9.965466
9.991589
9.960830
10.006968
9.951859
9.836511
9.311038
9.233649
9.234931
8.820962
8.387590
8.589943
8.816793
8.870622
9.044925
9.112999
8.939978
8.868205
8.809250
8.829757
8.788744
8.804124
8.832319
8.875896
8.875896
8.857952
8.886148
8.883585
8.843854
8.801560
8.706718
8.601624
8.588808
8.561893
8.560612
8.497811
8.432448
8.417068
8.415640
8.354121
8.343868
8.324643
8.302855
8.295166
8.249027
8.179818
8.199043
8.186227
8.200324
8.197762
8.220831
8.288757
8.288757
8.313108
8.354121
8.310546
8.319517
8.284913
8.263124
8.249027
8.243900
8.241337
8.260562
8.275941
8.279786
8.288757
8.292603
8.282350
8.250308
8.205451
8.177255
8.161876
8.117018
8.009360
7.922209
7.845310
7.863411
7.831370
7.874946
7.864693
7.905705
7.965942
8.015926
8.042841
8.030025
8.005673
7.997983
8.008237
8.035151
7.971069
7.960816
7.956971
7.910832
7.906987
7.903142
7.913395
7.927493
7.924930
7.921085
7.926212
7.918522
7.914677
7.898015
7.903142
7.932620
7.986449
8.040277
8.082572
8.147935
8.215862
8.244059
8.269691
8.278663
8.278663
8.268410
8.259438
8.237650
8.231242
8.205609
8.242777
8.174850
7.865974
7.690390
7.724994
7.851876
7.851876
7.867256
7.994139
8.177413
8.350434
8.477317
8.605323
8.693756
8.771935
8.807821
8.896255
9.023137
9.200150
9.318061
9.411621
9.453915
9.496386
9.495104
9.489978
9.484851
9.434867
9.404107
9.409234
9.429740
9.422050
9.427177
9.401545
9.360532
9.354124
9.345152
9.322083
9.090106
9.082416
9.122147
9.252874
9.277225
9.284915
9.355405
9.433585
9.514329
9.533553
9.537398
9.528426
9.525864
9.550215
9.712983
9.883441
10.005197
10.131288
10.355575
10.414530
10.568327
10.768225
10.942528
10.932836
10.866190
10.863626
10.859781
10.875161
10.998199
11.151996
11.351932
11.421140
11.530079
11.650991
11.649710
11.866306
11.835547
11.679187
11.685596
11.772747
11.661244
11.661244
11.503603
11.451056
11.497194
11.460027
11.316483
11.383128
11.257527
11.283160
11.262654
11.252401
11.175503
11.084506
10.999918
11.038367
11.017861
10.993510
10.985820
10.925583
10.849528
10.821333
10.813643
10.761095
10.647030
10.525273
10.475289
10.381730
10.288891
10.120996
9.944130
9.767303
9.607097
9.540452
9.414851
9.141372
9.160596
9.043967
8.870945
8.620849
8.529853
8.492685
8.481151
8.406816
8.355403
8.257998
8.219549
8.215704
8.142651
7.909392
7.881354
7.981322
8.001828
7.991575
7.886481
7.873664
7.969787
8.045404
8.124866
8.160751
8.069756
8.078727
8.106923
8.185102
8.121021
7.742937
7.733966
7.918522
7.685263
7.736529
7.931338
8.047967
8.062065
8.092825
8.106923
8.058221
8.014645
8.088980
8.215862
8.363251
8.511921
8.666842
8.801414
8.950084
9.106590
9.220656
9.315497
9.293710
9.301399
9.312935
9.325751
9.339849
9.344975
9.342412
9.319343
9.316779
9.327032
9.251416
9.000215
8.820785
8.797715
8.715691
8.510628
8.925879
9.066859
8.915627
8.934851
8.964329
9.252697
9.288584
9.330877
9.409058
9.497491
9.437430
9.518173
9.561749
9.469471
9.536117
9.533553
9.577129
9.637366
9.719391
9.727080
9.770657
9.780910
9.912918
9.965466
9.878805
9.840356
9.890340
9.917253
9.941606
10.067205
10.255607
10.303027
10.355575
10.350449
10.437600
10.497798
10.508052
10.545219
10.534966
10.509333
10.504207
10.510614
10.551627
10.618273
10.665693
10.702861
10.715677
10.734901
10.729775
10.701579
10.664412
10.709269
10.766943
10.743874
10.699016
10.520868
10.349128
10.142784
10.036408
10.013338
10.000523
9.987706
9.900555
9.819849
9.746796
9.742951
9.634011
9.480215
9.458426
9.331545
9.272099
9.300295
9.272099
9.236213
9.169567
9.100359
8.999109
8.990138
8.873508
8.837446
8.825912
8.837446
8.827193
8.825912
8.558048
8.369648
8.441273
8.592506
8.623265
8.393852
8.437428
8.677094
8.884720
9.051333
9.277048
9.318061
9.366763
9.362919
9.466731
9.697603
9.720673
9.195200
8.810708
9.156574
9.551319
9.645056
8.850439
9.315497
8.720817
8.713127
8.846417
8.937414
9.020720
9.074550
9.114281
9.162983
9.252697
9.333441
9.428282
9.642492
9.243902
9.299013
9.327209
9.110612
9.042686
8.810708
8.763111
8.472178
8.546514
8.427321
8.518171
8.222113
8.231084
8.254153
8.238773
8.245182
8.283631
8.220831
8.274659
8.331052
8.357966
8.361811
8.382318
8.384881
8.383599
8.404105
8.400260
8.407950
8.382318
8.398978
8.336178
8.292603
8.328488
8.439991
8.457934
8.541241
8.734768
8.748866
8.723233
8.605323
8.446400
8.539959
8.266970
8.156749
8.150340
8.082414
8.023458
8.054217
8.056781
8.041401
8.028584
8.052936
8.056781
7.838902
7.592985
7.721149
7.555818
7.281547
7.291314
7.307975
7.325918
7.179811
6.987565
6.970904
6.785066
6.942121
7.071566
7.175379
6.826773
6.776789
6.638372
6.603768
6.456379
6.490983
6.537122
6.452534
6.396142
6.385108
6.308209
6.251817
6.259507
6.344095
6.409459
6.444063
6.453035
6.487639
6.487639
6.483794
6.488921
6.438937
6.558129
6.670913
6.670913
6.617085
6.620930
6.702954
6.587607
6.641436
6.699110
6.743967
6.759346
6.765755
6.752938
6.784979
6.865723
6.908017
6.901108
6.921614
6.949811
7.022864
7.006203
7.033117
7.036962
7.040807
7.030554
7.170252
7.098481
7.085664
7.039525
7.061313
7.060031
7.133085
7.197167
7.116424
7.019019
7.002357
6.986978
6.981852
6.978006
6.916488
6.887010
6.885728
6.898545
6.947247
6.851124
6.879320
6.865222
6.894700
6.866504
7.040807
7.083101
7.097199
7.145901
7.183069
7.249714
7.434270
7.629667
7.624540
7.654018
7.666834
7.657863
7.655300
7.634793
7.628385
7.723227
7.707847
7.645046
7.729635
7.719381
7.774492
7.794998
7.534825
7.511756
7.915473
7.750627
7.798048
7.968506
8.045404
8.122302
8.206891
8.306859
8.394011
8.461937
8.537395
8.572000
8.610449
8.584816
8.588661
8.595070
8.586098
8.587379
8.602759
8.636082
8.677094
8.732205
8.760401
8.784752
8.797568
8.796287
8.803977
8.801414
8.795006
8.789879
8.791161
8.788597
8.782189
8.787315
8.782189
8.782189
8.787315
8.789879
8.798850
8.798850
8.774499
8.810385
8.848834
8.843708
8.865496
8.927014
8.915627
9.015594
9.114281
9.098901
9.093774
9.086084
9.086084
9.091210
9.165545
9.184771
9.225783
9.214249
9.238600
9.237318
9.225783
9.211685
9.196305
9.192460
9.184771
9.171954
9.180925
9.175799
9.160419
9.162983
9.145040
9.142476
9.143758
9.138632
9.155293
9.174518
9.191178
9.187334
9.188616
9.142476
9.316779
9.491082
9.610452
9.560468
9.532271
9.516891
9.489978
9.473316
9.450247
9.443838
9.434867
9.423332
9.413079
9.401545
9.387446
9.382319
9.365659
9.359250
9.348997
9.340026
9.327209
9.313111
9.309266
9.305421
9.304140
9.310548
9.310548
9.311830
9.307984
9.296450
9.302858
9.311830
9.315675
9.323364
9.329772
9.337462
9.334899
9.332335
9.347715
9.372066
9.418205
9.483569
9.546370
9.586101
9.616859
9.587382
9.619423
9.729644
9.705293
9.678378
9.652745
9.636085
9.620705
9.605325
9.602761
9.600199
9.595072
9.593790
9.597635
9.602761
9.610452
9.610452
9.615578
9.616859
9.607888
9.601480
9.610452
9.597635
9.583537
9.578410
9.582255
9.575848
9.568157
9.568157
9.559186
9.552778
9.539962
9.542524
9.530990
9.523300
9.524582
9.528426
9.530990
9.530990
9.537398
9.533553
9.546370
9.570721
9.624550
9.692476
9.760404
9.805261
9.837302
9.855245
9.859090
9.859090
9.846273
9.838583
9.832175
9.816795
9.775784
9.820641
9.828330
9.823204
9.875751
9.891130
9.916763
9.960340
10.018503
10.058234
10.200497
10.260734
10.246635
10.228692
10.208186
10.192806
10.168455
10.155639
10.141541
10.127443
10.118471
10.112063
10.101810
10.087712
10.080022
10.076178
10.065924
10.053108
10.051826
10.085149
9.959548
9.956985
10.067205
10.118471
10.096684
10.073614
10.039010
10.018503
10.010814
10.008250
9.996716
9.990308
9.981336
9.973646
9.982617
10.022348
10.090276
10.141541
10.168455
10.194088
10.199215
10.192806
10.179990
10.159484
10.138978
10.118471
10.108218
10.095402
10.109500
10.131288
10.149231
10.153075
10.158202
10.158202
10.144104
10.135133
10.117189
10.108218
10.086431
10.082585
10.071051
10.055671
10.047981
10.039010
10.044136
10.081304
10.151794
10.133851
10.267141
10.332505
10.336350
10.317125
10.310718
10.306872
10.304309
10.286366
10.276114
10.273550
10.254325
10.247917
10.235101
10.219721
10.209468
10.196651
10.194088
10.187680
10.183835
10.179990
10.173582
10.171019
10.171019
10.172300
10.163329
10.156920
10.147949
10.137696
10.144104
10.171019
10.224848
10.262015
10.290211
10.303027
10.306872
10.296619
10.279958
10.269705
10.244072
10.233819
10.221003
10.212031
10.215876
10.218439
10.235101
10.188962
10.285085
10.331223
10.413248
10.332505
10.429910
10.451697
10.491390
10.637497
10.734901
10.800265
10.578542
10.600329
10.836151
10.914331
10.980976
11.000762
10.953341
10.978974
10.921300
10.943089
10.808517
10.705985
10.896949
10.976411
11.003325
11.099448
11.084068
11.039211
11.246837
11.345523
11.565965
11.752241
11.763776
11.759931
11.754804
11.729171
11.706101
11.772747
11.768902
11.767620
11.817604
11.748396
11.770184
11.766338
11.772747
11.741987
11.717636
11.694567
11.676624
11.663808
11.674061
11.683032
11.711228
11.731734
11.739425
11.735579
11.741987
11.730453
11.685596
11.630485
11.581782
11.624077
11.638175
11.650991
11.781718
11.784282
11.772747
11.812478
11.804788
11.786845
11.797098
11.793253
11.774029
11.758649
11.768902
11.816322
11.735579
11.725327
11.711228
11.702257
11.663808
11.650991
11.650991
11.654836
11.699694
11.676624
11.694567
11.736861
11.780437
11.797098
11.803506
11.802225
11.785563
11.758649
11.730453
11.693285
11.657399
11.627922
11.613824
11.602289
11.630485
11.735579
11.899630
12.048300
12.258048
12.213191
12.201656
12.240106
12.214473
12.190122
12.161925
12.129885
12.123476
12.122194
12.183713
12.243950
12.237542
12.275991
12.304188
12.363143
12.366988
12.397747
12.451576
12.444559
12.458657
12.445841
12.584258
12.495825
12.466347
12.439432
12.418926
12.417645
12.425334
12.404828
12.407392
12.390730
12.383040
12.365097
12.349717
12.340746
12.321522
12.308705
12.304860
12.288198
12.284354
12.267693
12.268974
12.260003
12.242060
12.263847
12.316395
12.317677
12.320240
12.356126
12.374068
12.426616
12.377913
12.398420
12.399701
12.418926
12.421490
12.412518
12.418926
12.393293
12.389448
12.399701
12.439432
12.456094
12.479163
12.548371
12.604764
12.548371
12.539400
12.522739
12.504796
12.490698
12.474036
12.468910
12.465065
12.466347
12.463783
12.458657
12.450967
12.449685
12.435588
12.427897
12.422771
12.422771
12.386885
12.354844
12.356126
12.397139
12.452249
12.497107
12.540682
12.557343
12.458657
12.420208
12.353562
12.447123
12.541964
12.638086
12.653466
12.852120
12.982847
13.185903
13.273053
13.251266
13.206409
13.062864
13.141045
13.266645
13.189747
13.180776
13.178212
13.162832
13.202563
13.187183
13.205127
13.152579
13.171804
13.342262
13.376866
13.379430
13.461454
13.413379
13.380056
13.351860
13.340325
13.337762
13.321100
13.318538
13.317256
13.322382
13.318538
13.336480
13.576147
13.341607
13.296749
13.265990
13.146798
13.080153
13.027605
12.972495
12.855865
12.782186
13.021852
12.944954
12.853957
12.812945
12.793720
12.818071
12.941109
12.909068
12.988529
12.979558
13.001346
13.029542
13.094906
13.135919
13.191029
13.126946
12.927011
12.834733
13.091061
13.174367
13.019289
12.851394
12.793720
12.760398
12.844986
12.832170
12.869337
12.857802
12.897533
13.056457
13.164114
13.321756
12.974432
12.816790
12.893688
12.930856
12.938545
12.778340
12.624544
12.838578
13.120539
13.569113
13.946541
13.683805
13.437730
13.497967
13.492841
13.497967
13.519754
13.536416
13.719690
13.791463
13.208317
12.826387
12.404102
12.352281
12.336901
12.307424
12.272820
12.229243
12.220272
12.190794
12.177978
12.158753
12.134402
12.108769
12.124149
12.079291
12.049814
12.024181
11.998549
11.985732
11.980605
11.967789
11.966507
11.958817
11.974197
11.978042
12.427897
12.923892
12.940554
12.953370
13.016726
13.115412
13.187183
13.229478
13.252547
13.288433
13.289715
13.280744
13.280744
13.271772
13.215380
13.203845
13.203845
13.196156
13.183339
13.180776
13.174367
13.153861
13.150016
13.144890
13.132073
13.115412
13.103877
13.109004
13.274335
13.180776
13.133355
13.111567
13.144890
13.089779
13.064146
13.052611
13.028260
13.028260
13.080808
13.052611
13.001346
12.968023
13.091061
12.935983
12.810382
12.355399
12.600919
12.656030
12.721393
12.900823
12.913639
12.908512
13.064873
13.257674
12.325922
12.215145
12.402265
12.447123
12.430461
12.447123
12.466347
12.518894
12.570160
12.622706
12.648339
12.693197
12.755998
12.809826
12.838022
12.876472
12.967468
13.216661
12.943672
12.324640
12.697042
12.532992
12.585539
12.650903
12.827769
13.055902
13.520411
13.806842
14.052917
14.151013
14.116409
14.157421
14.339415
14.468860
14.633494
14.739870
14.843683
14.862907
14.911611
13.828625
13.328200
13.204472
12.985312
13.168586
13.208317
13.549232
13.955512
14.472705
15.066689
15.469366
15.534783
15.591175
15.607837
15.756507
15.887234
15.983357
16.135937
16.193611
16.223089
16.219244
16.206429
16.134657
16.097488
16.085953
16.043659
16.088516
16.059040
15.992394
15.953945
15.939847
15.902679
15.878328
15.859103
15.837316
15.825781
15.805275
15.783486
15.761699
15.747601
15.739911
15.729658
15.737348
15.733502
15.720686
15.869356
15.919340
15.969324
15.379770
15.643723
15.787267
15.742409
15.719339
15.715494
15.674482
15.630906
14.945229
14.331270
14.623241
14.556596
14.439967
14.452784
14.222088
14.127247
14.067010
14.082389
13.849131
13.740889
13.687059
13.502503
13.444830
13.367240
13.182684
13.183966
13.116038
13.013507
12.962241
12.916102
12.878308
12.865492
12.833451
12.834733
12.809100
12.798847
12.759116
12.728356
12.706569
12.678372
12.668119
12.636079
12.624544
12.611728
12.616854
12.589940
12.584813
12.557899
12.543800
12.536111
12.516886
12.487409
12.472029
12.470747
12.461776
12.455367
12.443277
12.468910
12.459939
12.453530
12.461220
12.448404
12.336901
12.292044
12.224117
12.172852
12.148500
12.129275
12.140810
12.221554
12.344591
12.440714
12.506078
12.539400
12.563751
12.557343
12.552217
12.539400
12.520176
12.509923
12.499669
12.494543
12.479163
12.477881
12.476600
12.494543
12.497107
12.511204
12.535555
12.548371
12.550935
12.539400
12.529147
12.507360
12.488134
12.479163
12.452249
12.459939
12.445841
12.454812
12.516331
12.636805
12.730365
12.766251
12.754716
12.738054
12.689352
12.670128
12.638086
12.611172
12.593229
12.563751
12.540682
12.527865
12.525302
12.508641
12.486853
12.488134
12.479163
12.474036
12.468910
12.458657
12.444559
12.435588
12.411236
12.406110
12.381759
12.366379
12.342028
12.335620
12.327929
12.311269
12.309987
12.334338
12.422771
12.550935
12.645777
12.693197
12.708577
12.690634
12.635523
12.675254
12.656030
12.608609
12.582976
12.565033
12.543245
12.530429
12.525302
12.522739
12.517612
12.517612
12.525302
12.517612
12.511204
12.500951
12.494543
12.484290
12.474036
12.462502
12.417645
12.403546
12.394575
12.371506
12.344591
12.336901
12.144655
12.004956
11.892172
11.849205
11.817164
11.759491
11.708225
11.671058
11.631327
11.549301
11.524950
11.517261
11.474966
11.416011
11.319047
11.345961
11.411325
11.565122
11.672779
11.745832
11.794535
11.765058
11.707383
11.608697
11.534362
11.436957
11.410043
11.397226
11.357495
11.283160
11.239585
11.216516
11.216516
11.203699
11.170377
11.151152
11.121674
11.101168
11.085788
11.074253
11.058874
11.037086
11.021706
11.010171
11.005045
10.993510
10.976849
10.983257
10.985820
10.996074
10.988383
10.989665
10.990947
10.980694
10.980694
10.973003
10.966596
10.951216
10.940525
10.926427
10.926427
10.968721
11.030240
11.066126
11.067408
11.076379
11.066126
11.048182
11.019987
10.982819
10.949496
10.923863
10.903358
10.889259
10.879006
10.880288
10.885414
10.881570
10.881570
10.873879
10.866190
10.849528
10.834148
10.843121
10.844402
10.852092
10.843121
10.837994
10.829022
10.805953
10.773911
10.784165
10.754687
10.738026
10.718801
10.707267
10.682916
10.668818
10.667536
10.652156
10.648311
10.684197
10.745716
10.798263
10.839275
10.846965
10.849528
10.825177
10.814924
10.793137
10.771349
10.757251
10.745716
10.734181
10.720083
10.741871
10.771349
10.788010
10.789291
10.784165
10.767504
10.768785
10.771349
10.759813
10.750842
10.738026
10.721365
10.704703
10.688042
10.679070
10.663691
10.650874
10.649592
10.640621
10.630368
10.613707
10.593201
10.573976
10.553470
10.552188
10.539371
10.535527
10.529119
10.517584
10.507331
10.500922
10.491951
10.470163
10.461192
10.453502
10.434998
10.426026
10.419619
10.414492
10.404239
10.405520
10.387577
10.363226
10.355536
10.345284
10.324777
10.310679
10.294018
10.276074
10.249160
10.229936
10.201739
10.178670
10.169699
10.154319
10.133813
10.127404
10.112025
10.090237
10.068449
10.049225
10.038971
10.018465
10.001803
9.990269
9.962073
9.944130
9.933915
9.923662
9.908282
9.890340
9.868551
9.849327
9.831384
9.821131
9.792935
9.780119
9.760894
9.748077
9.742951
9.735261
9.740388
9.740388
9.746796
9.757049
9.745514
9.742951
9.736543
9.717319
9.704502
9.699375
9.690404
9.686559
9.683995
9.682714
9.663489
9.654518
9.648109
9.627604
9.616069
9.601971
9.594281
9.581465
9.568648
9.563521
9.544297
9.549423
9.541734
9.531481
9.534043
9.514819
9.500721
9.495594
9.485341
9.473806
9.462272
9.449455
9.457936
9.447683
9.446402
9.439994
9.425896
9.406671
9.393854
9.382319
9.372066
9.354124
9.343870
9.334899
9.316957
9.301577
9.292604
9.288760
9.282351
9.273380
9.261846
9.264409
9.245184
9.232368
9.220833
9.204172
9.186229
9.170849
9.159314
9.147779
9.142653
9.131119
9.117021
9.104204
9.087543
9.077290
9.058064
9.051657
9.036277
9.013207
8.996546
8.992702
8.986293
8.981167
8.979885
8.977322
8.976040
9.013207
9.160596
9.401545
9.651464
9.944960
10.004405
9.995434
9.969801
9.919817
9.824976
9.751923
9.675024
9.605816
9.563521
9.612224
9.714755
9.924944
10.131288
10.277394
10.397869
10.445290
10.417055
10.400393
10.423463
10.477292
10.696452
10.964315
11.176347
11.313482
11.474969
11.485660
11.374157
11.338271
11.222923
11.179348
11.116548
11.087070
10.852530
10.748279
10.522711
10.359942
10.076138
10.132531
9.936440
9.755768
9.718600
9.663489
9.635293
9.609660
9.551987
9.480215
9.363585
9.306703
9.292604
9.279789
9.243902
9.227242
9.224678
9.218269
9.199045
9.187510
9.154188
9.132400
9.128555
9.100359
9.067037
9.059346
9.050375
9.018334
8.988856
8.918366
8.906654
8.891275
8.878459
8.818221
8.769519
8.722098
8.625976
8.632383
8.558048
8.517036
8.377337
8.331052
8.322081
8.315672
8.288757
8.251590
8.220831
8.210578
8.201606
8.177255
8.158031
8.183663
8.264406
8.356685
8.263124
8.242619
8.104201
7.785073
7.728839
7.760880
7.833933
7.904424
7.940310
7.989012
7.991575
8.014645
8.054376
8.301732
8.376067
8.461937
8.498946
8.615576
8.615576
8.592506
8.698882
8.870622
9.059023
9.574389
9.365659
8.904268
9.041226
9.073268
9.056606
9.091210
9.078394
9.137350
9.133505
9.107872
9.106590
9.164265
9.196305
9.112999
9.057888
9.091210
9.151448
9.023284
9.011749
9.033537
9.038664
9.066859
9.147603
9.212967
9.180925
9.180925
9.183489
9.151448
9.111717
9.038664
8.877177
8.819503
8.682367
8.665707
8.661861
8.684931
8.719535
8.737478
8.828475
8.986116
9.138632
9.247571
9.325751
9.388551
9.441098
9.373348
9.320801
9.309266
9.261846
9.246466
9.296450
9.377193
9.406671
9.454091
9.442556
9.438712
9.419487
9.374630
9.360532
9.343870
9.292604
9.288760
9.240058
9.215707
9.223396
9.256719
9.372066
9.527145
9.686069
9.682223
9.687350
9.680942
9.660436
9.637366
9.627113
9.632239
9.656590
9.673252
9.666843
9.665562
9.675816
9.674534
9.677096
9.661717
9.645056
9.634803
9.623268
9.628394
9.623268
9.613015
9.591227
9.596354
9.611733
9.621986
9.710420
9.891130
10.052617
10.237664
10.314562
10.387616
10.388897
10.340195
10.306872
10.277394
10.244072
10.212031
10.187680
10.179990
10.160766
10.155639
10.146667
10.137696
10.131288
10.128724
10.123598
10.106936
10.099247
10.087712
10.056952
10.054389
10.040292
10.041573
10.118471
10.199215
10.254325
10.301745
10.326097
10.337632
10.332505
10.327378
10.326097
10.322252
10.315844
10.306872
10.281240
10.269705
10.350449
10.515779
10.759253
10.888699
10.980976
11.140461
11.290413
11.382690
11.477532
11.580501
11.659963
11.699694
11.677906
11.675343
11.690722
11.700975
11.725327
11.734298
11.763776
11.798380
11.825294
11.845800
11.873997
11.935515
12.004724
12.111941
12.137574
12.154236
12.174742
12.195248
12.222162
12.245232
12.259330
12.281117
12.322130
12.404156
12.496433
12.600919
12.608609
12.616299
12.612453
12.607327
12.607327
12.667564
12.829051
13.007198
13.188465
13.248702
13.261518
13.267927
13.251266
13.208972
13.198718
13.208972
13.279462
13.360205
13.407626
13.434540
13.462736
13.526163
13.540261
13.537698
13.560767
13.579992
13.569738
13.578711
13.583837
13.576147
13.574865
13.571020
13.559485
13.559485
13.564612
13.556922
13.553078
13.545387
13.538980
13.542825
13.508220
13.517192
13.581274
13.613315
13.587682
13.550514
13.519754
13.486432
13.471052
13.469771
13.447983
13.441575
13.371084
13.371084
13.342889
13.410815
13.491559
13.551796
13.623568
13.619722
13.586400
13.556922
13.521036
13.469771
13.441575
13.410815
13.390309
13.389028
13.359550
13.382620
13.445419
13.503094
13.528727
13.518474
13.503094
13.450546
13.437730
13.424913
13.397999
13.386464
13.344171
13.353142
13.324945
13.296749
13.294187
13.276243
13.263427
13.209598
13.187810
13.158333
13.144235
13.048112
12.916102
12.932137
12.905223
12.825762
12.764243
12.714259
12.684781
12.707850
12.614291
12.592503
12.578404
12.547646
12.520731
12.528421
12.506633
12.509196
12.486127
12.416919
12.484290
12.530429
12.577849
12.694479
12.750871
12.834177
12.384322
12.069038
12.133121
12.083137
12.197203
12.304860
12.425334
12.686789
12.943117
13.077689
13.490932
13.688931
13.612033
13.719690
13.392873
12.882780
12.325922
11.824245
11.440362
11.650991
12.061116
12.085027
12.042733
11.914569
11.845361
11.808193
11.855614
11.872274
11.886373
11.892781
11.926104
12.050423
12.028635
12.186276
12.265738
11.753082
11.346803
11.433112
11.371593
11.497194
11.607415
11.488223
11.357495
11.263936
11.289569
11.326736
11.336989
11.345961
11.349806
11.372875
11.444647
11.645864
11.631766
11.756085
11.971401
12.145264
12.277273
12.386212
12.269583
12.331101
12.295216
12.237542
12.183713
12.193967
12.206782
12.206782
12.220881
12.250359
12.246513
12.261893
12.260612
12.254204
12.255486
12.250359
12.256766
12.259330
12.263175
12.274710
12.282399
12.288808
12.281117
12.273428
12.273428
12.282399
12.274710
12.284963
12.269583
12.255486
12.234979
12.240106
12.287526
12.368269
12.445168
12.507360
12.575286
12.240106
12.287526
12.368269
12.445168
12.507360
12.575286
12.543245
12.521458
12.522739
12.498387
12.457376
12.444559
12.447123
12.485572
12.497107
12.534274
12.575286
12.572722
12.548371
12.540682
12.543245
12.534274
12.529147
12.512486
12.508641
12.504796
12.498387
12.476600
12.481727
12.476600
12.475318
12.468910
12.461220
12.463783
12.452249
12.453530
12.484290
12.493261
12.515049
12.554780
12.581695
12.623988
12.665001
12.706014
12.753434
12.794447
12.826488
12.867500
12.920047
12.966187
13.033387
13.060302
13.065428
13.064146
13.056457
13.043640
13.030824
13.028260
13.044922
13.034669
13.035951
13.038513
13.044922
13.041077
13.052611
13.044922
13.047485
13.050048
13.056457
13.041077
13.039795
13.047485
13.032105
13.009036
12.996220
13.001346
13.001346
12.988529
12.994938
12.983403
12.987248
12.948799
12.979558
13.002627
12.934701
12.894970
12.935983
12.994938
13.065428
13.023134
13.024416
12.932137
12.969305
12.821917
12.780904
12.762961
12.784749
12.729638
12.598911
12.624544
12.697598
12.803973
13.093624
13.375585
13.522973
13.653046
13.717128
13.809405
13.758140
13.717128
13.728662
13.777365
13.801716
13.869642
13.964484
14.039511
14.086931
14.070270
14.051045
14.012596
13.980556
13.957486
13.944670
13.933134
13.925445
13.917755
13.911346
13.912628
13.924163
13.953641
13.960049
13.963894
13.934416
13.936979
13.920319
13.898530
13.889559
13.888277
13.867771
13.879306
13.843420
13.830604
13.828040
13.819069
13.812660
13.807534
13.819069
13.822913
13.811378
13.934416
14.113846
14.235601
14.217659
14.195870
13.948514
13.944670
13.948514
14.120254
14.081805
14.036947
14.029258
14.107437
14.080523
14.003625
14.020286
14.012596
13.983118
13.985682
13.951077
13.911346
13.797280
13.510194
13.329482
12.828951
12.325922
11.825527
11.613383
11.591596
11.855614
12.091435
12.141419
11.983777
11.941483
11.982496
11.973524
11.976088
12.031199
12.104252
12.126040
12.184995
12.201656
12.219599
12.252922
12.282399
12.309314
12.343918
12.241387
12.219599
12.220881
12.432351
12.561797
12.640650
12.612453
12.543245
12.498387
12.516331
12.509923
12.579131
12.631679
12.654748
12.635523
12.539400
12.440714
12.558625
12.621426
12.438150
12.525302
12.524020
12.307424
12.354844
12.307424
12.257440
12.240778
12.370224
12.309987
12.040842
11.992140
11.952409
11.977369
11.833826
11.877401
11.842797
11.767180
11.690282
11.409603
11.326736
11.252401
11.290851
11.293414
11.212670
11.185756
11.275471
11.288287
11.207544
11.572811
11.665090
11.724045
11.484378
11.151152
11.101168
11.156279
11.088351
11.074253
10.994792
10.920457
10.896949
10.890541
10.870035
10.894386
10.699576
10.532964
10.321493
10.259414
10.427308
10.420900
10.319651
9.897991
10.096684
9.903156
9.741670
9.559676
9.831384
9.841638
9.824976
9.883931
9.915973
9.936479
10.027475
10.154357
10.244072
10.310718
10.392742
10.413248
10.458106
10.528558
10.491390
10.431153
10.420900
10.408084
10.205585
9.837754
9.794216
9.494313
9.317447
8.819680
8.914345
8.727225
8.649045
8.388872
8.261843
8.159312
8.173410
8.225957
8.352839
8.614294
8.780908
8.864214
8.943676
9.036100
9.059170
9.082239
9.074550
8.843854
8.879740
8.829757
8.837446
8.855389
8.827193
8.836164
8.811813
8.728507
8.558048
8.483713
8.488840
8.436293
8.378619
8.397697
8.422049
8.423329
8.455371
8.472033
8.483567
8.496384
8.483567
8.484849
8.405387
8.420767
8.436146
8.452807
8.466906
8.482285
8.497664
8.507918
8.525861
8.541241
8.543804
8.539959
8.554057
8.566874
8.605323
8.679658
8.757837
8.809103
8.848834
8.870622
8.860369
8.803977
8.765528
8.748866
8.718107
8.655307
8.628392
8.598914
8.572000
8.600196
8.700164
8.792442
8.846271
8.871903
8.911634
8.957920
8.943822
8.984835
9.084803
9.139914
9.079676
9.088648
9.123252
9.109154
9.109154
9.055325
9.059170
9.095056
9.101464
9.095056
9.070704
9.052762
9.009186
9.000215
8.827193
8.813095
8.827193
8.709282
8.619567
8.618286
8.606751
8.610596
8.567020
8.637510
8.825912
9.057888
9.171954
9.307808
9.429564
9.429740
9.497667
9.520737
9.547651
9.783473
10.046209
10.417093
10.582425
11.009172
11.333988
11.514700
11.658681
11.692003
11.559995
11.589473
11.609979
11.640738
11.624077
11.543333
11.463872
11.394663
11.307511
11.267781
11.235740
11.117829
11.011453
10.994792
11.067845
11.002481
10.843558
10.691887
10.654719
10.581666
10.531682
10.408645
10.422182
10.250442
10.136376
10.140221
10.133813
10.083829
10.073576
10.044098
9.985143
9.962073
9.954383
9.958228
9.913371
9.927507
9.818567
9.730135
9.419978
9.179821
9.077290
8.997828
8.978603
9.008080
8.988856
8.974758
8.988856
8.997828
8.993983
8.936309
8.955357
8.987398
8.977145
8.909218
8.901528
8.814377
8.807968
8.797715
8.770801
8.756702
8.716972
8.699029
8.713127
8.729789
8.742605
8.750295
8.756702
8.772082
8.788744
8.815659
8.838728
8.850263
8.898965
9.055325
9.294991
9.497491
9.656590
9.697603
9.668125
9.632239
9.647619
9.636085
9.597635
9.537398
9.516891
9.482287
9.482287
9.452810
9.428459
9.364377
9.282351
9.297731
9.305421
9.229805
9.266973
9.359250
9.570721
9.742460
9.862934
10.033393
10.291492
10.559356
10.946372
11.260935
11.509573
11.695848
11.733016
11.925262
12.091875
12.547699
12.654748
12.909794
13.078971
13.512720
13.940133
14.096493
14.582926
15.067970
15.386060
15.427073
15.434762
15.355300
15.245079
15.213038
15.238671
15.263022
15.214320
15.187406
15.138703
15.024637
15.101536
15.334794
15.507815
15.597584
15.597584
15.597584
15.593739
15.568106
15.532220
15.530938
15.527094
15.532220
15.525812
15.547600
15.561698
15.577077
15.582204
15.598866
15.586049
15.605273
15.603992
15.602710
15.593739
15.596302
15.592457
15.591175
15.587331
15.611682
15.642441
15.711650
15.801364
15.828279
15.825715
15.806491
15.783422
15.759070
15.775731
15.792393
15.818026
15.856475
15.888515
15.919275
15.928246
15.964132
15.886018
15.984704
16.034689
16.035969
16.055195
16.106461
16.143627
16.179514
16.143627
16.084673
16.041096
16.051350
16.185921
16.429434
16.484543
16.643261
16.763735
16.907278
17.057230
17.342886
17.488993
17.680260
17.750750
17.803297
17.836620
17.871225
17.890450
17.916082
17.949404
17.981445
18.030148
18.215202
18.278004
18.308762
18.303637
18.290819
18.297228
18.319016
18.443335
18.511261
18.618019
18.657749
18.652624
18.664158
18.679537
18.717987
18.773098
18.919205
19.046087
19.334835
19.539898
19.776592
19.867590
19.932953
19.962431
19.975246
19.988064
20.115486
20.155216
20.143682
20.132147
20.057812
20.030897
20.052685
20.296198
20.437178
20.084726
20.173161
20.417953
20.606354
21.054270
21.448381
21.593206
22.030996
22.316715
22.382078
22.452568
22.447441
22.442316
22.408993
22.370543
22.362854
22.332094
22.343630
22.326967
22.302616
22.264168
22.265450
22.261604
22.234690
21.747667
21.745104
21.796370
21.573364
21.375992
20.890337
20.840885
20.934444
21.090803
21.418903
21.397116
21.389425
21.188210
21.213842
21.192053
21.172829
21.189489
21.202307
21.190771
21.206152
21.207434
21.207434
21.198462
21.215122
21.218967
21.209997
21.226658
21.216404
21.217686
21.221531
21.216404
21.242037
21.249727
21.244600
21.227940
21.249727
21.343287
21.444536
21.498365
21.592676
21.558071
21.524748
21.486300
21.442724
21.446568
21.499115
21.578577
21.718277
21.827215
21.918211
21.996391
22.129595
22.325686
22.515369
22.782045
22.894829
22.957630
23.048626
23.291620
23.544104
23.778139
23.776857
23.578203
23.370577
23.441069
23.682016
23.910149
24.008835
23.839657
23.771730
23.656384
23.046322
22.922003
22.614916
23.133980
23.610750
24.163912
24.653299
25.144175
25.640511
25.488678
25.086243
24.911940
24.649803
24.703632
24.757460
24.957396
25.115038
25.002254
24.729265
24.620325
24.493443
24.099638
24.052217
24.158594
24.100920
24.072723
23.948404
23.808699
23.884315
24.185501
24.434139
24.491814
23.975313
23.406265
22.925848
22.582874
22.517511
22.452147
22.247601
22.264263
22.270670
22.256573
22.350132
22.561604
22.820494
23.039654
23.417221
22.925072
23.262144
23.433884
23.437729
23.477459
23.535133
23.826841
23.825560
23.819151
23.796082
23.773012
23.755070
23.721746
23.639723
23.825560
23.938345
23.814026
23.851192
23.732000
23.775576
23.570513
23.647411
23.683298
23.632032
23.576921
23.706367
23.676889
23.669199
23.520529
23.375704
23.280863
23.124502
22.934820
22.800753
22.762304
22.802034
22.594410
22.541862
23.346731
23.446699
23.194216
23.339043
23.549231
23.678171
23.484644
22.906624
22.699503
22.814852
22.946859
23.271114
23.137825
23.162176
23.291620
22.767431
22.744360
22.377811
22.042540
21.878489
21.441355
20.883928
20.384621
20.601852
21.126043
21.028004
21.544504
22.048939
22.064232
22.052696
22.009121
22.097553
22.037317
21.492620
21.154354
21.886171
22.155315
22.594830
22.460354
22.589800
22.314247
22.734625
23.156284
23.655607
24.110085
24.457209
24.612288
24.881439
24.813511
23.968912
23.404984
23.015564
23.114756
22.376530
22.173265
22.137381
21.877207
21.378553
21.130003
21.182550
21.326094
21.563198
21.568325
21.849003
22.146343
22.652504
23.148594
23.601778
23.803772
24.044720
24.509756
24.571276
24.225239
24.509764
23.909956
23.404984
22.906624
22.376530
21.877207
21.373428
20.876238
20.493561
20.551868
20.613386
20.556993
21.063242
21.629093
22.045094
21.806622
22.233408
22.635843
23.111427
22.393192
21.882334
21.836100
21.465706
20.876238
20.375648
20.014860
19.872599
19.786104
20.193666
20.287226
20.417953
20.635832
21.151676
20.375648
20.204544
20.276316
20.696693
21.059397
21.244600
20.989555
20.931881
21.421467
20.625568
20.437168
20.244274
20.208389
20.154560
20.073816
20.104576
20.146870
20.110983
20.205826
21.128605
21.124126
21.047228
21.084396
21.256136
21.300993
21.044664
20.380775
19.917456
19.511833
19.378544
19.185757
19.800943
19.956022
19.923981
19.935516
19.930389
19.931671
19.941925
19.956022
19.926544
19.913729
20.012415
20.339773
20.124458
20.544836
20.696693
20.919699
20.964556
21.133732
21.588079
20.874958
20.374367
19.873880
20.166752
20.515358
20.741550
20.696693
20.577501
20.517263
20.446774
20.599289
20.678751
20.727453
20.909445
20.913290
20.927389
20.949177
20.961992
20.937641
20.933796
20.950459
20.940205
20.941486
20.909445
20.904318
20.896629
20.895348
20.904318
20.914572
20.942768
20.981216
20.985062
21.059397
21.254854
21.207434
21.262545
21.229221
21.188210
21.148478
21.160013
21.148478
21.136944
21.124126
21.130535
21.118999
21.193335
21.393270
21.372765
21.399679
21.165138
21.048510
21.057482
21.047228
21.066452
21.001089
20.966484
20.971611
20.974174
20.979301
20.969048
20.957514
20.772957
20.712721
20.803717
20.811407
20.831913
20.875488
20.916502
20.948542
21.011343
20.980583
21.004934
21.021595
21.019032
21.036976
21.075424
21.094648
21.138226
21.156168
21.139507
21.108747
21.295866
21.470169
21.579109
21.227407
21.268421
20.885210
20.375648
20.701820
21.026075
21.309965
21.603460
21.783640
21.797737
21.879763
21.773386
21.336348
21.222282
21.160763
21.113342
21.126158
21.106934
21.072330
21.077456
21.037725
21.039007
21.014656
21.021065
21.188959
21.317123
21.311996
21.308151
21.283800
21.268421
21.232534
21.181269
21.185114
21.178705
21.146666
21.132566
21.130003
21.104370
21.071049
21.074892
21.078737
21.088991
21.110779
21.200493
21.235098
21.226126
21.242788
21.458103
21.696487
21.708023
21.693926
21.686235
21.618309
21.543974
20.936476
20.607626
20.758860
20.863955
20.793463
20.804998
20.774239
20.717848
20.693495
20.664019
20.642231
20.621723
20.642231
20.660173
20.671707
20.707594
20.722973
20.819096
20.938290
20.921627
20.863955
20.838322
20.848574
20.804998
20.779366
20.801153
20.771675
20.717848
20.698622
20.672989
20.643513
20.665300
20.610189
20.612753
20.617880
20.601217
20.569178
20.567896
20.562769
20.578148
20.590965
20.633259
20.678116
20.569178
20.376930
19.889259
20.229551
20.092417
19.984758
20.001421
20.030897
20.038588
19.947592
20.009109
20.417953
19.522087
19.373417
19.379284
20.055990
20.553806
20.246838
19.928991
20.159061
19.549002
19.450315
18.920458
18.431278
18.087420
17.979763
17.724335
17.521835
17.365475
17.799454
18.130116
18.606102
18.865376
18.926893
19.014046
19.298948
19.433521
19.487350
19.652273
19.654837
19.734299
19.783001
19.947050
19.980373
20.012415
20.150091
20.127020
20.103951
20.112923
20.120613
20.105232
20.116768
20.121895
20.170597
20.274410
20.314140
20.342337
20.361561
20.406418
20.549961
20.900475
20.944050
20.945332
20.878687
20.864588
20.849209
20.809477
20.786407
20.750523
20.731297
20.714636
20.713354
20.740269
20.732578
20.714636
20.733860
20.745396
20.755648
20.876123
20.951740
20.981216
21.029919
20.917782
20.625568
20.391029
19.918737
19.592577
20.348745
20.623014
20.912008
21.045300
21.362513
21.471451
21.570137
21.870790
21.961788
22.005363
22.203930
22.224436
22.275702
22.285955
22.276983
22.338503
21.400343
20.874958
20.371803
19.873880
19.369572
18.869192
18.367197
17.865696
17.364193
16.863855
16.361149
15.858897
15.338758
14.950356
14.834954
14.918262
14.931078
14.937486
14.995159
15.583432
16.112803
16.615271
17.086708
17.373644
17.631254
16.968950
17.422346
17.296747
17.121162
17.045546
16.544424
16.535452
16.762302
16.557240
16.445738
16.401031
16.289528
16.186996
16.017820
16.067804
15.880685
16.561441
16.840633
16.770144
17.091835
17.624846
18.109610
18.458714
18.529205
18.720551
18.761562
18.794886
18.839743
18.846151
18.852558
18.855122
18.862812
18.861530
18.865376
18.873066
18.867939
18.870502
18.861530
18.858967
18.837179
18.821800
18.814110
18.817955
18.815392
18.810265
18.798731
18.806419
18.807701
18.806419
18.812828
18.810265
18.800013
18.794886
18.791040
18.774380
18.751310
18.725677
18.717987
18.694918
18.691072
18.664158
18.671848
18.652624
18.651342
18.637243
18.643652
18.655186
18.662876
18.648779
18.647497
18.646215
18.650061
18.638525
18.615456
18.611610
18.642370
18.688509
19.081972
19.629612
19.964994
19.768904
18.870474
18.368479
17.865696
17.365475
16.861292
16.361149
16.298500
16.330540
16.738102
16.813719
17.091835
17.265987
17.360828
17.604340
18.108328
18.577908
18.494982
17.866978
17.365475
16.863855
16.363712
15.876841
15.891145
15.754009
15.856540
15.820654
15.460513
14.895245
15.093846
15.510379
16.010271
16.053913
16.047504
15.668139
15.337476
14.969580
14.832445
14.410732
14.314366
14.347689
14.527119
14.625805
14.671944
14.747561
14.720646
14.405362
14.569412
14.611707
14.636058
14.632213
14.674507
14.748842
14.850092
14.905202
15.000043
15.474493
15.787267
15.727029
15.712932
15.755225
15.780858
15.739845
15.714212
15.691143
15.682172
15.723185
15.687299
15.677045
15.623217
15.677045
15.395084
15.284863
15.136193
15.017001
14.950356
14.847771
14.804195
14.783689
14.736268
14.779844
14.758057
14.768310
14.768310
14.731142
14.660651
14.626047
14.600414
14.570937
14.540177
14.535051
14.517108
14.488912
14.508137
14.429956
14.305394
14.393827
14.482261
14.502768
14.528399
14.561723
14.578383
14.615551
14.615551
14.610425
14.633494
14.642466
14.632213
14.636058
14.646311
14.654000
14.630931
14.623241
14.607862
14.606580
14.605298
14.578383
14.569412
14.574539
14.559159
14.538653
14.514302
14.552752
14.586074
14.587356
14.592482
14.600172
14.604016
14.587356
14.589919
14.609143
14.627087
14.636058
14.646311
14.604016
14.623241
14.602735
14.592482
14.602735
14.602735
14.592482
14.587356
14.589919
14.577103
14.570694
14.615551
14.882133
14.818050
14.800108
14.779601
14.757813
14.728335
14.750124
14.695013
14.633494
14.654000
14.629649
14.564286
14.501486
14.439967
14.378448
14.287452
14.218243
14.172104
14.122120
14.072136
13.901678
13.757550
13.816505
13.839575
13.881869
13.904939
14.090776
14.265079
14.381708
14.402215
14.417594
14.425284
14.426566
14.426566
14.415031
14.408623
14.376582
14.380426
14.365047
14.353513
14.344541
14.334288
14.326598
14.318908
14.304811
14.299684
14.420157
14.531660
14.686042
14.711675
14.701422
14.647593
14.646311
14.627087
14.619396
14.588637
14.580947
14.571976
14.552752
14.525837
14.468163
14.433558
14.428432
14.445093
14.456628
14.497641
14.541216
14.533526
14.529681
14.521992
14.511739
14.496359
14.486106
14.480979
14.461755
14.461755
14.450220
14.432277
14.420742
14.416897
14.383574
14.387420
14.369476
14.451502
14.625805
14.710393
14.675789
14.660409
14.687324
14.659127
14.655282
14.661691
14.687324
14.779601
14.809079
14.812924
14.814205
14.814205
14.812924
14.762940
14.736026
14.711675
14.715519
14.712956
14.714237
14.698858
14.700140
14.688605
14.697577
14.677070
14.654000
14.637340
14.636058
14.646311
14.638621
14.633494
14.634776
14.636058
14.596327
14.645029
14.668098
14.668098
14.638621
14.636058
14.633494
14.614270
14.589919
14.583510
14.584792
14.568130
14.565567
14.570694
14.539935
14.560441
14.589919
14.598890
14.591200
14.589919
14.582229
14.583510
14.555314
14.554032
14.551470
14.527119
14.556596
14.554032
14.561723
14.555314
14.537372
14.515584
14.497641
14.489951
14.491232
14.479697
14.461755
14.468163
14.645029
14.703984
14.733462
14.729617
14.688605
14.665535
14.636058
14.611707
14.592482
14.573257
14.557878
14.543779
14.548906
14.524555
14.525837
14.495077
14.484824
14.473289
14.463037
14.445093
14.438685
14.420742
14.400236
14.404080
14.382293
14.375885
14.361787
14.345125
14.337436
14.324619
14.313085
14.305394
14.370758
14.430995
14.473289
14.491232
14.506612
14.645029
14.656564
14.755250
14.868034
15.023113
15.263022
15.359145
15.436044
15.468084
15.516840
15.480954
15.439942
15.369452
15.289990
15.234879
15.201557
15.215655
15.111842
15.055450
15.031099
15.015719
14.996494
14.972143
14.952919
14.882376
14.842645
14.817012
14.784970
14.752930
14.747803
14.743958
14.693974
14.686284
14.676031
14.652962
14.622203
14.604259
14.591443
14.563247
14.558121
14.544023
14.519671
14.500446
14.509418
14.478659
14.472251
14.454308
14.383574
14.379729
14.357942
14.329745
14.323338
14.332309
14.500204
14.607862
14.684760
14.695013
14.720646
14.721928
14.732181
14.725773
14.769348
14.809079
14.839838
14.833430
14.829585
14.796263
14.850092
14.870598
14.889822
14.926990
14.934680
14.919300
14.902638
14.901357
14.887259
14.860345
14.834712
14.800108
14.777038
14.764221
14.747561
14.736026
14.703984
14.689886
14.674507
14.666817
14.651438
14.645029
14.624523
14.597609
14.586074
14.586074
14.580947
14.566849
14.559159
14.565567
14.543779
14.556596
14.560441
14.551470
14.545061
14.547625
14.541216
14.501486
14.496359
14.472008
14.454064
14.447657
14.436122
14.428432
14.428432
14.418179
14.402800
14.406644
14.429713
14.442530
14.436122
14.411771
14.395109
14.377167
14.364350
14.341281
14.334872
14.325901
14.323338
14.323338
14.304113
14.306676
14.287452
14.283607
14.284888
14.268227
14.261819
14.260537
14.250284
14.247721
14.237468
14.214398
14.207990
14.207990
14.201582
14.175949
14.179794
14.164414
14.149035
14.156724
14.166978
14.150316
14.134936
14.109303
14.114430
14.101614
14.096487
14.090079
14.105459
14.104177
14.100332
14.111867
14.113149
14.134936
14.118276
14.123402
14.134936
14.168260
14.324619
14.337436
14.346407
14.370758
14.381011
14.360505
14.377167
14.377167
14.357942
14.361787
14.382293
14.381011
14.369476
14.356660
14.348970
14.336154
14.322056
14.320774
14.305394
14.296423
14.298986
14.291297
14.333591
14.329745
14.354097
14.365632
14.352816
14.333591
14.318211
14.314366
14.318211
14.300268
14.300268
14.309239
14.301550
14.298986
14.305394
14.307958
14.320774
14.313085
14.309239
14.296423
14.281043
14.272072
14.270790
14.259255
14.257974
14.250284
14.249002
14.238750
14.225933
14.213117
14.202864
14.190047
14.188766
14.196455
14.193892
14.181075
14.187484
14.183639
14.183639
14.179794
14.168260
14.173386
14.168260
14.168260
14.166978
14.166978
14.166978
14.146471
14.178513
14.149035
14.141345
14.124683
14.127247
14.110585
14.099051
14.087516
14.099051
14.073418
14.084952
14.138782
14.211835
14.274635
14.319492
14.316930
14.327183
14.324619
14.327183
14.328465
14.336154
14.334872
14.338717
14.341281
14.357942
14.377167
14.369476
14.386138
14.370758
14.383574
14.375885
14.359223
14.355378
14.361787
14.360505
14.373322
14.355378
14.347689
14.342562
14.350252
14.366913
14.389983
14.448938
14.500204
14.537372
14.552752
14.552752
14.571976
14.592482
14.577103
14.577103
14.577103
14.580947
14.570694
14.568130
14.551470
14.543779
14.538653
14.542498
14.527119
14.520710
14.510457
14.496359
14.486106
14.473289
14.470726
14.473289
14.479697
14.456628
14.447657
14.443811
14.429713
14.419460
14.422024
14.432277
14.413053
14.401518
14.398954
14.388701
14.395109
14.387420
14.389983
14.381011
14.374603
14.381011
14.375885
14.373322
14.373322
14.389983
14.382293
14.393827
14.365632
14.379729
14.430995
14.457910
14.443811
14.437404
14.433558
14.419460
14.411771
14.407926
14.398954
14.401518
14.398954
14.373322
14.378448
14.382293
14.360505
14.354097
14.342562
14.339999
14.337436
14.341281
14.350252
14.493795
14.727054
14.480979
14.328465
14.296423
13.933719
13.496096
13.590937
13.943388
13.555051
13.529418
13.461492
13.518474
13.568458
12.959679
12.327204
12.166443
12.024181
12.239496
12.816235
13.041803
12.825762
13.481961
12.908413
13.501185
13.351860
13.554359
13.600498
12.827669
12.327204
11.824245
11.325015
12.100846
12.575895
12.632960
12.012647
12.302297
12.371506
12.439432
12.582976
12.723956
12.734209
12.668846
12.682944
12.948243
12.955207
12.659148
12.327204
12.013928
11.829371
11.501881
11.448052
11.606133
11.636893
11.601007
11.635612
11.642019
11.594599
11.593317
11.615106
11.609979
11.624077
11.622795
11.612542
11.570248
11.515138
11.557431
11.702257
11.576656
11.497194
11.447210
11.403635
11.351088
11.306231
11.267781
11.238303
11.188319
11.160123
11.131927
11.099886
11.066564
11.021706
11.022987
11.014016
11.012734
11.079380
11.057592
11.028114
10.997355
10.978130
10.949934
10.898231
10.887978
10.900794
10.889259
10.923863
10.936680
10.887978
10.926427
10.911047
10.989227
11.107138
11.109701
11.057155
10.999480
10.941807
10.913610
10.877725
10.831586
10.793137
10.767504
10.736744
10.713675
10.694450
10.713675
10.702140
10.677789
10.663691
10.639339
10.608581
10.591919
10.572695
10.552188
10.443249
10.518305
10.614428
10.652877
10.696452
10.679791
10.692608
10.683636
10.668257
10.650313
10.627244
10.606738
10.616991
10.586231
10.554191
10.531121
10.528558
10.513178
10.496517
10.517023
10.583669
10.599048
10.597766
10.590076
10.560598
10.558036
10.541374
10.460630
10.390141
10.327340
10.244034
10.209430
10.222246
10.245316
10.250442
10.231217
10.220964
10.204303
10.192768
10.181233
10.168417
10.137657
10.123560
10.106898
10.085111
10.062041
10.041534
10.026155
10.009494
9.997959
9.973608
9.969763
9.942848
9.910846
9.896748
9.874960
9.853172
9.831384
9.812160
9.830103
9.889058
9.900593
9.908282
9.896748
9.858298
9.791654
9.742951
9.721163
9.690404
9.668616
9.651955
9.636575
9.623758
9.600689
9.577620
9.555832
9.545578
9.531481
9.507130
9.493032
9.478933
9.472525
9.453300
9.457146
9.445611
9.400263
9.383601
9.365659
9.341308
9.336181
9.333617
9.316957
9.299013
9.297731
9.272099
9.370785
9.283633
9.323364
9.304140
9.287478
9.275944
9.263127
9.260564
9.252874
9.245184
9.242621
9.237494
9.225960
9.214425
9.202890
9.191356
9.182384
9.165723
9.152906
9.136245
9.136245
9.118302
9.113175
9.110612
9.193918
9.216989
9.033713
8.968350
9.022179
9.033713
9.041404
9.046530
9.054220
9.052938
9.046530
9.037559
9.028587
9.022179
9.005518
8.987575
8.981167
8.978603
8.972195
8.973476
8.951689
8.945280
8.922034
8.905373
8.898965
8.870769
8.857952
8.848981
8.832319
8.818221
8.801560
8.778491
8.768237
8.756702
8.742605
8.792589
8.766956
8.736197
8.749013
8.807968
8.772082
8.742605
8.722098
8.697747
8.705438
8.684931
8.670833
8.670833
8.681087
8.750295
8.774646
8.777209
8.782335
8.781054
8.823348
8.838728
8.825912
8.810532
8.788744
8.765675
8.751576
8.728507
8.718254
8.695184
8.672114
8.656734
8.645200
8.620849
8.596498
8.590090
8.569583
8.555486
8.540106
8.526008
8.520881
8.504220
8.491404
8.474742
8.459362
8.452954
8.438856
8.428603
8.415640
8.406669
8.395134
8.374627
8.372065
8.357966
8.345150
8.333615
8.322081
8.310546
8.300292
8.316954
8.291321
8.279786
8.131116
8.050373
8.023458
8.004233
7.959376
7.977319
7.967066
8.017050
8.032430
8.024740
8.017050
8.005515
8.000389
7.991417
8.010642
7.993980
7.981164
7.974756
7.959376
7.956813
7.950405
7.956813
7.960658
7.941433
8.082414
8.059344
8.037557
8.024740
8.006797
7.963221
7.846592
7.582732
7.646814
8.394011
8.446557
8.468187
8.543804
8.557902
8.591225
8.500228
8.450244
8.206733
7.783792
7.285392
6.965777
6.794037
7.566279
7.907783
7.973632
7.947999
7.951844
7.978759
8.041559
7.940310
7.886481
7.880073
7.845469
7.776260
7.809582
8.026179
8.042841
8.083854
7.956971
7.900579
7.777541
7.673728
8.088980
8.244059
8.405545
8.215704
8.076005
8.193916
8.165720
8.222113
8.263124
7.988854
7.915801
8.141527
8.177413
8.177413
8.163315
8.145372
8.133838
8.129992
8.121021
8.096670
8.072318
8.046686
8.017208
7.992857
7.964661
7.944155
7.927493
7.905705
7.885199
7.871101
7.877509
7.855721
7.830089
7.801893
7.790358
7.774978
7.755754
7.739092
7.718586
7.703206
7.675010
7.648096
7.640406
7.609647
7.589140
7.568634
7.544283
7.528903
7.505834
7.482764
7.466103
7.446878
7.428936
7.416119
7.407943
7.388719
7.372057
7.348988
7.331045
7.313102
7.291314
7.278497
7.259273
7.238767
7.222105
7.224669
7.215697
7.279779
7.268244
7.241330
7.219542
7.202881
7.188783
7.168276
7.150333
7.138799
7.124701
7.106758
7.078562
7.054210
7.024733
7.005508
6.981157
6.968340
6.955524
6.945271
6.932455
6.917075
6.912643
6.895981
6.883165
6.867785
6.848561
6.893418
6.897263
6.911361
6.878038
6.866504
6.817801
6.834463
6.792169
6.776789
6.772944
6.762691
6.746030
6.733213
6.717834
6.713989
6.711425
6.699891
6.690919
6.685792
6.666568
6.658878
6.646062
6.637090
6.629400
6.611457
6.606331
6.588388
6.581980
6.579416
6.571727
6.570445
6.564037
6.546094
6.535841
6.523025
6.510208
6.494828
6.480730
6.467914
6.451252
6.435873
6.429465
6.407677
6.410740
6.392797
6.377418
6.362038
6.353067
6.340250
6.323589
6.318462
6.309491
6.300519
6.286421
6.276168
6.263352
6.246691
6.228748
6.222340
6.209523
6.206960
6.276168
6.136470
6.281295
6.251817
6.264634
6.253099
6.245409
6.226184
6.214650
6.209523
6.204397
6.217213
6.222340
6.218494
6.204397
6.191580
6.180046
6.160821
6.148005
6.132625
6.118527
6.105711
6.104429
6.082641
6.065979
6.055727
6.050600
6.039065
6.032657
6.028812
6.014714
6.000616
5.995489
5.983954
5.974983
5.969857
5.973701
5.999334
6.055727
5.985236
6.003179
5.971138
5.948069
5.931407
5.917309
5.966590
5.997350
6.002476
6.005039
5.996068
5.989660
5.981970
5.967872
5.958900
5.949929
5.931986
5.921733
5.912761
5.902508
5.903790
5.893537
5.883284
5.873031
5.865341
5.858932
5.857651
5.889692
5.741022
5.619266
5.596196
5.565437
5.598760
5.582098
5.570564
5.569282
5.521861
5.580817
5.611576
5.611576
5.596196
5.496228
5.447526
5.342432
5.382656
5.291659
5.280125
5.358305
5.391627
5.263463
5.180157
5.230141
5.371121
5.396754
5.363431
5.296786
5.081470
4.789257
4.942198
5.043447
4.897340
4.857609
4.974238
5.010125
4.912720
4.869144
4.753797
4.510285
4.361615
4.208782
4.181868
4.206219
4.301060
4.393338
4.492025
4.545854
4.557388
4.559952
4.559952
4.563797
4.565078
4.561233
4.554825
4.544572
4.538164
4.525347
4.517657
4.507404
4.493306
4.492025
4.481771
4.470237
4.461266
4.451012
4.445886
4.458702
4.479208
4.466392
4.320285
4.374114
4.471519
4.274146
4.308750
4.351044
4.330538
4.298497
4.290807
4.294652
4.285681
4.283117
4.274146
4.270301
4.257484
4.248513
4.242105
4.230570
4.221599
4.217754
4.212627
4.211346
4.210064
4.207500
4.210064
4.225444
4.192121
4.151109
4.079337
4.143419
4.216472
4.224162
4.242105
4.251076
4.261330
4.266456
4.263893
4.263893
4.263893
4.265174
4.261330
4.254921
4.254921
4.253640
4.235697
4.231852
4.220317
4.174178
4.143419
4.195966
4.210064
4.175460
4.153672
4.148545
4.139574
4.134447
4.304905
4.301060
4.417690
4.430506
4.436914
4.559952
4.611217
4.620189
4.607372
4.570205
4.575331
4.571486
4.575331
4.579176
4.589429
4.595838
4.713748
4.847039
4.857292
4.889333
4.916247
4.943479
4.934508
4.933226
4.928100
4.922973
4.915283
4.907593
4.903749
4.899903
4.893495
4.893495
4.883242
4.874271
4.869144
4.858891
4.849920
4.846075
4.840948
4.833258
4.829413
4.825568
4.815315
4.821723
4.840948
4.844793
4.839666
4.821723
4.747388
4.734572
4.728164
4.714066
4.698686
4.690996
4.674335
4.667927
4.656392
4.646139
4.633322
4.624351
4.607690
4.603845
4.596155
4.584620
4.579494
4.570522
4.562832
4.558987
4.551298
4.539763
4.529510
4.562832
4.611535
4.607690
4.623069
4.611535
4.592310
4.614098
4.588465
4.576931
4.566677
4.553861
4.562832
4.579494
4.576931
4.566677
4.551298
4.537199
4.523101
4.511567
4.494905
4.484652
4.478244
4.471836
4.464146
4.461583
4.460301
4.471836
4.487216
4.478244
4.464146
4.451330
4.439795
4.433387
4.416725
4.413845
4.406155
4.401028
4.394620
4.385649
4.384367
4.383085
4.379241
4.375395
4.375395
4.376677
4.370269
4.363861
4.353608
4.347199
4.345918
4.336946
4.330538
4.320285
4.316440
4.339509
4.120349
3.915287
3.460791
3.626122
3.615869
3.627404
3.678669
3.677388
3.705584
3.720963
3.720963
3.619714
3.526154
3.436440
3.319810
3.348939
3.361755
3.357910
3.372008
3.379698
3.396359
3.411739
3.433527
3.441217
3.442498
3.439935
3.460441
3.474540
3.479666
3.510425
3.542466
3.611675
3.656532
3.661659
3.666785
3.655251
3.632181
3.587324
3.564254
3.637308
3.664222
3.670630
3.682165
3.666785
3.660377
3.655251
3.701390
3.703953
3.692418
3.684728
3.733431
3.850060
3.857750
3.861595
3.880819
3.874411
3.866721
3.859031
3.855186
3.835962
3.766753
3.720614
3.706516
3.738557
3.789823
3.865440
3.893636
3.880819
3.879538
3.874411
3.864158
3.856468
3.848778
3.833399
3.821864
3.811611
3.801358
3.798794
3.806484
3.803921
3.796231
3.789823
3.780851
3.778288
3.773161
3.761627
3.757782
3.803921
3.775725
3.779570
3.777006
3.774443
3.761627
3.716769
3.711643
3.724459
3.735994
3.739839
3.739839
3.739839
3.739839
3.730867
3.705235
3.694982
3.701390
3.701390
3.689855
3.683447
3.683447
3.688573
3.684728
3.686010
3.692418
3.692418
3.692418
3.687292
3.677038
3.680883
3.679602
3.674475
3.674475
3.669349
3.661659
3.653969
3.646279
3.638589
3.633463
3.630899
3.623210
3.624491
3.625773
3.636026
3.637308
3.628336
3.619365
3.616802
3.610393
3.614238
3.619365
3.621928
3.600140
3.587324
3.561691
3.552720
3.556564
3.530932
3.547593
3.560409
3.577071
3.591169
3.595014
3.577071
3.575789
3.568099
3.551438
3.521960
3.505299
3.492482
3.536058
3.556564
3.551438
3.529650
3.536058
3.539903
3.552720
3.615520
3.573226
3.441217
3.455315
3.454033
3.451470
3.441217
3.423274
3.402768
3.386106
3.352784
3.322024
3.300236
3.291265
3.286139
3.279730
3.266914
3.259224
3.247689
3.247689
3.270759
3.301518
3.313053
3.360474
3.372008
3.330996
3.310490
3.300236
3.287420
3.275885
3.273322
3.266914
3.247689
3.238718
3.224620
3.211803
3.200269
3.195142
3.186171
3.177199
3.166946
3.168228
3.160538
3.154130
3.154130
3.149003
3.137468
3.129778
3.118244
3.110554
3.096456
3.090048
3.078513
3.069541
3.063133
3.051598
3.045190
3.034937
3.029810
3.020839
3.013149
3.015712
3.002896
2.990080
2.983671
2.978545
2.970855
2.960602
2.931124
2.911900
2.919119
2.915274
2.910147
2.905021
2.906302
2.920400
2.944752
2.963976
3.033185
2.976793
2.920400
2.917837
2.896049
2.902457
2.894768
2.876825
2.869135
2.889641
2.906302
2.902457
2.905021
2.894768
2.906302
2.884515
2.865290
2.848629
2.829404
2.872980
2.875543
2.865290
2.857600
2.853755
2.853755
2.892204
2.937062
3.106238
3.142124
2.867853
2.712775
2.619215
2.908866
2.902457
2.897331
2.903739
2.814024
2.711493
2.715338
2.692269
2.746097
2.878106
2.858882
2.698677
2.566668
2.571795
2.525655
2.519247
2.460292
2.561541
2.623060
2.678170
2.684579
2.614089
2.592301
2.585892
2.582047
2.592301
2.643566
2.647411
2.649974
2.648693
2.646130
2.644848
2.634595
2.621778
2.612807
2.598709
2.589737
2.576921
2.570513
2.571795
2.599991
2.607680
2.616652
2.644848
2.657664
2.664073
2.689705
2.675607
2.682015
2.699958
2.717901
2.715338
2.676889
2.653819
2.660228
2.656383
2.652538
2.653819
2.664073
2.661509
2.642285
2.628186
2.626905
2.623060
2.629468
2.626905
2.625623
2.641003
2.633313
2.633313
2.639721
2.662791
2.680734
2.735844
2.747379
2.739689
2.720465
2.706367
2.694832
2.680734
2.678170
2.682015
2.683297
2.687142
2.684579
2.679452
2.673044
2.670481
2.669199
2.658946
2.655101
2.651256
2.667917
2.670481
2.671762
2.660228
2.652538
2.644848
2.641003
2.628186
2.621778
2.612807
2.608962
2.602554
2.601272
2.593582
2.588456
2.585892
2.578203
2.570513
2.567950
2.576921
2.560260
2.555133
2.550007
2.542317
2.534627
2.539753
2.532063
2.528219
2.526937
2.526937
2.520529
2.519247
2.516684
2.512839
2.510276
2.508994
2.501304
2.500023
2.497459
2.489769
2.484643
2.480798
2.476953
2.470545
2.469263
2.465418
2.469263
2.470545
2.466700
2.461573
2.457728
2.450039
2.447475
2.438504
2.432096
2.425688
2.438373
2.438373
2.438373
2.431965
2.425557
2.424275
2.420430
2.412740
2.407614
2.403769
2.399924
2.396079
2.393516
2.387108
2.381981
2.380700
2.378136
2.375573
2.374291
2.375573
2.369165
2.389671
2.388389
2.378136
2.367883
2.364038
2.357630
2.353785
2.351222
2.340969
2.339687
2.337124
2.329434
2.326871
2.319181
2.319181
2.312773
2.308928
2.310209
2.305083
2.302520
2.292266
2.292266
2.287140
2.284577
2.280732
2.276887
2.275605
2.271760
2.269197
2.267915
2.270478
2.264070
2.256381
2.255099
2.256381
2.252536
2.255099
2.258944
2.266634
2.265352
2.261507
2.261507
2.255099
2.260225
2.249972
2.257662
2.255099
2.257662
2.252536
2.248691
2.248691
2.248691
2.248691
2.246127
2.248691
2.247409
2.246127
2.242282
2.237156
2.234593
2.230748
2.226903
2.223058
2.220495
2.217931
2.214086
2.210242
2.208960
2.202552
2.197425
2.193580
2.210242
2.207678
2.202552
2.187172
2.107710
1.975701
1.855227
1.906433
1.906433
1.862857
1.846196
1.880800
1.916686
1.907714
1.867984
1.839788
1.814155
1.792367
1.788522
1.784677
1.778269
1.773142
1.784677
1.874392
1.935911
1.961543
1.975641
1.988458
1.997429
1.998711
2.007682
2.007682
2.007682
2.012809
2.017936
2.019217
2.021780
2.019217
2.020499
2.021780
2.021780
2.015372
2.010246
2.010246
2.010246
2.006401
2.007682
1.998711
1.989739
1.984613
1.978205
1.973078
2.076891
2.044850
2.008964
2.016654
2.029470
1.978205
1.916686
1.885927
1.883363
1.875674
1.862857
1.860294
1.859012
1.857731
1.862857
1.865420
1.861575
1.883363
1.921813
1.991021
2.078173
2.116622
2.121748
2.115340
2.106369
2.102524
2.092271
2.087144
2.067919
2.053821
2.042287
2.033315
2.041005
2.041005
2.055103
2.065356
2.060230
2.064075
2.069201
2.061511
2.051258
2.055103
2.024344
2.002556
2.010246
1.994866
1.984613
1.967952
1.942319
1.928221
1.924376
1.934629
1.930784
1.916686
1.907714
1.900025
1.891053
1.888490
1.897461
1.865420
1.857731
1.846196
1.833379
1.821845
1.812873
1.794930
1.783395
1.775706
1.770579
1.761608
1.756481
1.752636
1.744946
1.738538
1.739820
1.712905
1.709060
1.707779
1.705215
1.694962
1.718032
1.735975
1.748791
1.759044
1.756481
1.744946
1.725722
1.734693
1.755199
1.766734
1.779551
1.775706
1.771861
1.766734
1.766734
1.761608
1.760326
1.757763
1.750073
1.751354
1.744946
1.737256
1.739820
1.734693
1.730848
1.724440
1.718032
1.723158
1.718032
1.718032
1.720595
1.724440
1.725722
1.727003
1.725722
1.725722
1.723158
1.727003
1.725722
1.723158
1.720595
1.718032
1.710342
1.709060
1.705215
1.700089
1.701370
1.697526
1.692399
1.693681
1.692399
1.714187
1.700089
1.679583
1.669330
1.659076
1.655231
1.653950
1.651387
1.651387
1.653950
1.656513
1.653950
1.648823
1.642415
1.632162
1.630880
1.625754
1.623191
1.624472
1.623191
1.624472
1.657795
1.630880
1.627035
1.639852
1.652668
1.664203
1.665485
1.661640
1.652668
1.637289
1.642415
1.677019
1.697526
1.689836
1.688554
1.682146
1.671893
1.657795
1.647542
1.643697
1.634725
1.609092
1.611656
1.612937
1.614219
1.606529
1.571925
1.610374
1.611656
1.639852
1.664203
1.661640
1.660358
1.661640
1.659076
1.656513
1.660358
1.659076
1.655231
1.653950
1.650105
1.647542
1.637289
1.636007
1.632162
1.630880
1.630880
1.627035
1.620627
1.619346
1.619346
1.618064
1.621909
1.625754
1.627035
1.633444
1.638570
1.638570
1.638570
1.636007
1.629599
1.627035
1.627035
1.623191
1.616782
1.615501
1.618064
1.610374
1.609092
1.611656
1.607811
1.601403
1.602684
1.597558
1.597558
1.592431
1.592431
1.591149
1.589868
1.589868
1.588586
1.592431
1.596276
1.592431
1.588586
1.583460
1.579615
1.578333
1.577051
1.571925
1.569362
1.570643
1.568080
1.566798
1.565517
1.568080
1.570643
1.569362
1.566798
1.560390
1.561672
1.559108
1.562953
1.543729
1.533476
1.529631
1.524504
1.524504
1.519378
1.518096
1.516814
1.516814
1.511688
1.511688
1.511688
1.509125
1.507843
1.510406
1.509125
1.506561
1.506561
1.505280
1.501435
1.500153
1.500153
1.493745
1.488618
1.489900
1.483492
1.482210
1.474520
1.460422
1.432226
1.430945
1.423255
1.464068
1.476884
1.479447
1.470476
1.466631
1.462786
1.470476
1.467913
1.465349
1.462786
1.457660
1.452533
1.451251
1.443562
1.442280
1.440998
1.439717
1.435872
1.437153
1.444843
1.453815
1.483292
1.482011
1.480729
1.479447
1.473039
1.470476
1.476884
1.475603
1.478166
1.476884
1.474321
1.471758
1.474321
1.473039
1.473039
1.471758
1.464068
1.465349
1.457660
1.458941
1.452533
1.451251
1.448688
1.446125
1.444843
1.439717
1.438435
1.434590
1.432027
1.430745
1.429464
1.425619
1.425619
1.421774
1.419210
1.419210
1.419210
1.416647
1.415365
1.410239
1.406394
1.403831
1.403831
1.399986
1.399986
1.411521
1.417929
1.420492
1.423055
1.412802
1.411521
1.407676
1.410239
1.406394
1.414084
1.419210
1.423055
1.425619
1.432027
1.428182
1.428182
1.432027
1.430745
1.425619
1.424337
1.423055
1.420492
1.435872
1.437153
1.437153
1.435872
1.438435
1.434590
1.433308
1.433308
1.434590
1.429464
1.433308
1.432027
1.430745
1.432027
1.432027
1.428182
1.425619
1.420492
1.423055
1.420492
1.419210
1.417929
1.416647
1.421774
1.428182
1.425619
1.423055
1.417929
1.415365
1.414084
1.411521
1.415365
1.406394
1.402549
1.402549
1.399986
1.396141
1.401267
1.397423
1.396141
1.391014
1.388451
1.387169
1.383325
1.385888
1.383325
1.383325
1.384606
1.380761
1.380761
1.378198
1.376916
1.374353
1.373071
1.370508
1.370508
1.373071
1.366663
1.367945
1.367945
1.364100
1.361537
1.362818
1.361537
1.361537
1.365381
1.356410
1.341030
1.326932
1.338467
1.365381
1.374353
1.389733
1.401267
1.389733
1.393578
1.391014
1.357692
1.346157
1.335904
1.334622
1.324369
1.315398
1.310271
1.301300
1.291046
1.291046
1.289765
1.276948
1.266695
1.246189
1.185952
1.153911
1.093674
1.088547
1.107772
1.077013
1.041127
1.020620
1.061633
1.129560
1.120588
1.111617
1.121870
1.160319
1.196205
1.217993
1.193642
1.180825
1.209021
1.215430
1.174417
1.079576
1.078294
1.084702
1.094956
1.075731
1.066759
1.057788
1.065478
1.084702
1.098800
1.097519
1.100082
1.102645
1.105209
1.107772
1.112898
1.116743
1.118025
1.116743
1.111617
1.103927
1.111617
1.105209
1.130841
1.130841
1.146221
1.141095
1.159038
1.157756
1.178262
1.212866
1.207740
1.219275
1.217993
1.225683
1.229528
1.232091
1.226964
1.219275
1.219275
1.203895
1.197487
1.201332
1.201332
1.203895
1.201332
1.197487
1.196205
1.200050
1.196205
1.200050
1.203895
1.205177
1.202613
1.209021
1.211585
1.209021
1.209021
1.207740
1.209021
1.207740
1.207740
1.209021
1.211585
1.214148
1.214148
1.211585
1.210303
1.207740
1.207740
1.205177
1.207740
1.210303
1.209021
1.209021
1.212866
1.209021
1.207740
1.209021
1.214148
1.229528
1.242344
1.260287
1.262850
1.266695
1.270540
1.267977
1.267977
1.264132
1.265414
1.260287
1.257724
1.257724
1.255161
1.251316
1.252597
1.248752
1.251316
1.253879
1.252597
1.252597
1.264132
1.269258
1.270540
1.278230
1.289765
1.285920
1.291046
1.291046
1.291046
1.288483
1.285920
1.288483
1.283357
1.283357
1.285920
1.282075
1.279512
1.282075
1.282075
1.280793
1.279512
1.280793
1.282075
1.276948
1.275667
1.275667
1.273103
1.271822
1.266695
1.265414
1.265414
1.262850
1.259005
1.259005
1.257724
1.255161
1.253879
1.253879
1.251316
1.251316
1.246189
1.248752
1.250034
1.251316
1.248752
1.252597
1.253879
1.252597
1.253879
1.256442
1.259005
1.257724
1.256442
1.248752
1.250034
1.250034
1.247471
1.244907
1.244907
1.246189
1.247471
1.243626
1.244907
1.244907
1.243626
1.251316
1.252597
1.246189
1.247471
1.243626
1.243626
1.248752
1.247471
1.251316
1.252597
1.261569
1.270540
1.267977
1.265414
1.262850
1.261569
1.257724
1.256442
1.257724
1.259005
1.252597
1.253879
1.253879
1.251316
1.251316
1.250034
1.248752
1.246189
1.246189
1.246189
1.241063
1.243626
1.239781
1.237218
1.238499
1.234654
1.232091
1.233373
1.232091
1.229528
1.228246
1.230809
1.223119
1.224401
1.226964
1.223119
1.220556
1.216711
1.219275
1.219275
1.217993
1.217993
1.215430
1.216711
1.214148
1.211585
1.217993
1.221838
1.226964
1.229528
1.238499
1.257724
1.253879
1.251316
1.250034
1.248752
1.248752
1.244907
1.243626
1.237218
1.238499
1.234654
1.234654
1.233373
1.232091
1.234654
1.238499
1.247471
1.251316
1.251316
1.244907
1.244907
1.243626
1.248752
1.239781
1.237218
1.241063
1.238499
1.243626
1.253879
1.252597
1.248752
1.250034
1.244907
1.241063
1.238499
1.235936
1.234654
1.230809
1.234654
1.229528
1.230809
1.232091
1.228246
1.228246
1.228246
1.229528
1.225683
1.224401
1.230809
1.226964
1.229528
1.225683
1.220556
1.225683
1.223119
1.221838
1.225683
1.219275
1.219275
1.219275
1.221838
1.217993
1.216711
1.214148
1.216711
1.215430
1.212866
1.212866
1.211585
1.215430
1.212866
1.210303
1.214148
1.211585
1.214148
1.214148
1.214148
1.212866
1.214148
1.212866
1.210303
1.215430
1.215430
1.212866
1.209021
1.210303
1.215430
1.212866
1.212866
1.212866
1.206458
1.209021
1.206458
1.207740
1.203895
1.201332
1.201332
1.202613
1.198768
1.200050
1.200050
1.194923
1.196205
1.197487
1.192360
1.196205
1.194923
1.192360
1.188515
1.191079
1.188515
1.182107
1.185952
1.185952
1.180825
1.183389
1.180825
1.182107
1.188515
1.194923
1.188515
1.182107
1.184670
1.187234
1.182107
1.180825
1.184670
1.184670
1.184670
1.182107
1.183389
1.182107
1.180825
1.182107
1.176980
1.179544
1.179544
1.182107
1.180825
1.183389
1.180825
1.183389
1.182107
1.183389
1.179544
1.180825
1.182107
1.179544
1.175699
1.171854
1.173136
1.170572
1.170572
1.171854
1.168009
1.169291
1.168009
1.166727
1.165446
1.164164
1.160319
1.160319
1.157756
1.157756
1.159038
1.159038
1.159038
1.156474
1.159038
1.157756
1.160319
1.157756
1.156474
1.156474
1.155193
1.155193
1.157756
1.155193
1.155193
1.160319
1.159038
1.156474
1.160319
1.156474
1.152629
1.152629
1.152629
1.152629
1.148784
1.152629
1.148784
1.146221
1.147503
1.147503
1.143658
1.142376
1.143658
1.139813
1.142376
1.142376
1.138531
1.138531
1.135968
1.134686
1.135968
1.133405
1.137250
1.133405
1.137250
1.135968
1.135968
1.132123
1.130841
1.133405
1.133405
1.132123
1.130841
1.129560
1.129560
1.129560
1.126997
1.125715
1.125715
1.120588
1.120588
1.121870
1.119307
1.119307
1.116743
1.119307
1.118025
1.120588
1.121870
1.124433
1.124433
1.124433
1.123152
1.126997
1.128278
1.129560
1.130841
1.129560
1.133405
1.132123
1.125715
1.126997
1.125715
1.124433
1.126997
1.121870
1.120588
1.125715
1.119307
1.116743
1.116743
1.125715
1.126997
1.123152
1.125715
1.119307
1.116743
1.146221
1.098800
1.082139
1.066759
1.065478
1.061633
1.060351
1.066759
1.074449
1.080858
1.097519
1.109054
1.118025
1.114180
1.118025
1.115462
1.112898
1.111617
1.111617
1.110335
1.116743
1.077013
1.052661
1.044972
0.964228
0.969355
0.984735
0.964228
0.938596
0.969256
0.956439
0.961566
0.997452
1.023085
1.019240
1.021803
1.021803
1.028211
1.046154
1.053844
1.058971
1.065379
1.067942
1.076913
1.075632
1.064097
1.058971
1.053844
1.041028
1.007705
0.997452
0.994889
1.001297
0.938496
0.942341
0.950031
0.946186
0.946186
0.965411
0.970537
0.966692
0.962848
0.964129
0.959003
0.956439
0.956439
0.952594
0.951313
0.950031
0.950031
0.952594
0.950031
0.951313
0.947468
0.943623
0.942341
0.938496
0.938496
0.937215
0.932088
0.928243
0.929525
0.926962
0.924398
0.920553
0.924398
0.920553
0.917990
0.914145
0.914145
0.907737
0.906455
0.903892
0.901329
0.896202
0.892357
0.889794
0.885949
0.884668
0.879541
0.876978
0.875696
0.871851
0.868006
0.862880
0.864161
0.860316
0.860316
0.855190
0.851345
0.848782
0.850063
0.846218
0.847500
0.847500
0.839810
0.848782
0.873133
0.883386
0.919272
0.952594
0.962848
0.969256
0.978227
0.985917
0.992325
1.000015
1.000015
1.002578
1.001297
1.003860
1.001297
1.001297
1.000015
1.000015
0.997452
0.996170
0.996170
0.988480
0.991044
0.988480
0.983354
0.982072
0.978227
0.975664
0.973101
0.971819
0.974382
0.970537
0.967974
0.967974
0.966692
0.965411
0.964129
0.960284
0.962848
0.988480
0.984635
0.942341
0.935933
0.893639
0.901329
0.928243
0.953876
0.951313
0.966692
0.983354
0.993607
1.011550
1.023085
1.030774
1.044873
1.074350
1.091012
1.088448
1.083322
1.053844
1.035901
1.032056
1.032056
1.025648
1.026929
1.042309
1.048717
1.044873
1.039746
1.037183
1.020521
1.008987
1.010268
1.005142
1.000015
1.002578
1.000015
1.000015
1.008987
1.019240
1.019240
1.024366
1.024366
1.033338
1.033338
1.032056
1.024366
1.021803
1.016676
1.008987
1.005142
1.002578
0.997452
0.996170
0.992325
0.992325
0.989762
0.987199
0.984635
0.983354
0.979509
0.975664
0.973101
0.969256
0.969256
0.966692
0.960284
0.957721
0.953876
0.951313
0.951313
0.951313
0.946186
0.947468
0.943623
0.942341
0.939778
0.939778
0.937215
0.934651
0.937215
0.930807
0.930807
0.930807
0.929525
0.923117
0.923117
0.920553
0.920553
0.917990
0.917990
0.917990
0.925680
0.920553
0.912864
0.909019
0.909019
0.906455
0.907737
0.906455
0.905174
0.905174
0.903892
0.905174
0.905174
0.905174
0.906455
0.901329
0.901329
0.901329
0.898766
0.897484
0.896202
0.893639
0.891076
0.891076
0.888512
0.889794
0.888512
0.885949
0.885949
0.884668
0.883386
0.884668
0.882104
0.880823
0.894921
0.901329
0.894921
0.888512
0.883386
0.879541
0.882104
0.880823
0.883386
0.887231
0.884668
0.889794
0.891076
0.884668
0.887231
0.887231
0.885949
0.887231
0.889794
0.888512
0.891076
0.892357
0.889794
0.887231
0.885949
0.883386
0.880823
0.878259
0.878259
0.876978
0.926962
0.925680
0.921835
0.909019
0.898766
0.893639
0.896202
0.878259
0.871851
0.882104
0.883386
0.883386
0.880823
0.880823
0.879541
0.876978
0.874414
0.866725
0.868006
0.866725
0.865443
0.864161
0.862880
0.862880
0.860316
0.859035
0.857753
0.859035
0.853908
0.855190
0.855190
0.855190
0.855190
0.865443
0.857753
0.857753
0.856471
0.856471
0.865443
0.870569
0.857753
0.852627
0.852627
0.855190
0.859035
0.862880
0.865443
0.864161
0.860316
0.857753
0.855190
0.852627
0.865443
0.864161
0.860316
0.857753
0.855190
0.852627
0.852627
0.851345
0.846218
0.843655
0.842373
0.841092
0.842373
0.838529
0.839810
0.835965
0.835965
0.832120
0.830839
0.830839
0.832120
0.826994
0.826994
0.826994
0.824430
0.824430
0.823149
0.819304
0.819304
0.819304
0.815459
0.810332
0.810332
0.809051
0.805206
0.801361
0.802643
0.797516
0.801361
0.835965
0.834684
0.809051
0.812896
0.810332
0.805206
0.803924
0.806488
0.803924
0.803924
0.801361
0.805206
0.803924
0.802643
0.803924
0.798798
0.798798
0.796234
0.792389
0.788545
0.784700
0.784700
0.780855
0.777010
0.777010
0.770602
0.773165
0.773165
0.774446
0.773165
0.779573
0.801361
0.797516
0.794953
0.779573
0.766757
0.762912
0.761630
0.764193
0.771883
0.757785
0.755222
0.775728
0.779573
0.779573
0.768038
0.773165
0.774446
0.769320
0.764193
0.760348
0.759067
0.757785
0.752659
0.755222
0.751377
0.751377
0.748814
0.746250
0.742406
0.739842
0.738561
0.735997
0.734716
0.732152
0.743687
0.791108
0.806488
0.791108
0.784700
0.788545
0.792389
0.810332
0.838529
0.862880
0.883386
0.894921
0.900047
0.902610
0.903892
0.905174
0.902610
0.896202
0.897484
0.891076
0.885949
0.880823
0.879541
0.876978
0.875696
0.874414
0.871851
0.870569
0.868006
0.864161
0.859035
0.856471
0.852627
0.850063
0.848782
0.848782
0.851345
0.865443
0.869288
0.869288
0.862880
0.859035
0.851345
0.844937
0.844937
0.841092
0.837247
0.837247
0.835965
0.837247
0.835965
0.841092
0.838529
0.835965
0.830839
0.833402
0.832120
0.829557
0.830839
0.828275
0.824430
0.820586
0.823149
0.818022
0.816741
0.811614
0.809051
0.806488
0.806488
0.807769
0.803924
0.806488
0.809051
0.806488
0.806488
0.805206
0.806488
0.802643
0.800079
0.807769
0.844937
0.852627
0.846218
0.855190
0.862880
0.860316
0.860316
0.834684
0.837247
0.866725
0.870569
0.870569
0.870569
0.864161
0.855190
0.860316
0.856471
0.850063
0.850063
0.860316
0.861598
0.860316
0.857753
0.856471
0.855190
0.857753
0.860316
0.855190
0.853908
0.855190
0.853908
0.857753
0.857753
0.857753
0.852627
0.847500
0.841092
0.837247
0.834684
0.834684
0.837247
0.829557
0.826994
0.825712
0.824430
0.821867
0.824430
0.821867
0.824430
0.824430
0.821867
0.820586
0.821867
0.824430
0.826994
0.834684
0.857753
0.874414
0.888512
0.903892
0.909019
0.911582
0.907737
0.905174
0.896202
0.889794
0.885949
0.878259
0.873133
0.870569
0.864161
0.866725
0.856471
0.855190
0.850063
0.850063
0.846218
0.841092
0.839810
0.838529
0.835965
0.833402
0.830839
0.828275
0.825712
0.823149
0.825712
0.821867
0.823149
0.821867
0.820586
0.816741
0.816741
0.814177
0.812896
0.809051
0.807769
0.807769
0.809051
0.809051
0.806488
0.805206
0.802643
0.802643
0.805206
0.798798
0.798798
0.796234
0.797516
0.794953
0.791108
0.789826
0.792389
0.787263
0.791108
0.791108
0.791108
0.784700
0.784700
0.784700
0.784700
0.785981
0.794953
0.801361
0.805206
0.806488
0.811614
0.809051
0.803924
0.803924
0.801361
0.798798
0.794953
0.794953
0.791108
0.788545
0.784700
0.783418
0.783418
0.779573
0.778291
0.778291
0.780855
0.779573
0.778291
0.780855
0.779573
0.779573
0.778291
0.778291
0.774446
0.777010
0.775728
0.777010
0.773165
0.773165
0.771883
0.770602
0.769320
0.770602
0.770602
0.765475
0.766757
0.765475
0.762912
0.762912
0.761630
0.757785
0.756504
0.756504
0.755222
0.752659
0.750095
0.750095
0.746250
0.750095
0.750095
0.751377
0.751377
0.755222
0.753940
0.751377
0.755222
0.752659
0.752659
0.750095
0.750095
0.748814
0.744969
0.746250
0.743687
0.742406
0.741124
0.739842
0.739842
0.739842
0.737279
0.734716
0.738561
0.739842
0.737279
0.741124
0.742406
0.741124
0.741124
0.738561
0.741124
0.735997
0.735997
0.734716
0.732152
0.730871
0.732152
0.730871
0.728307
0.725744
0.725744
0.727026
0.724463
0.724463
0.727026
0.724463
0.727026
0.725744
0.727026
0.727026
0.729589
0.732152
0.730871
0.732152
0.728307
0.727026
0.724463
0.725744
0.724463
0.727026
0.727026
0.723181
0.718054
0.720618
0.719336
0.716773
0.716773
0.718054
0.718054
0.715491
0.720618
0.714209
0.715491
0.714209
0.714209
0.710365
0.707801
0.707801
0.702675
0.705238
0.702675
0.700111
0.698830
0.702675
0.700111
0.696266
0.698830
0.698830
0.693703
0.694985
0.692422
0.691140
0.693703
0.693703
0.691140
0.684732
0.682168
0.680887
0.680887
0.679605
0.680887
0.680887
0.679605
0.679605
0.679605
0.675760
0.675760
0.673197
0.677042
0.677042
0.680887
0.687295
0.684732
0.683450
0.683450
0.688577
0.698830
0.702675
0.710365
0.712928
0.714209
0.711646
0.712928
0.710365
0.706520
0.705238
0.703956
0.701393
0.698830
0.701393
0.697548
0.700111
0.701393
0.701393
0.698830
0.697548
0.698830
0.698830
0.694985
0.694985
0.694985
0.692422
0.691140
0.691140
0.687295
0.687295
0.688577
0.687295
0.688577
0.686013
0.682168
0.682168
0.679605
0.677042
0.674479
0.675760
0.670634
0.671915
0.671915
0.674479
0.669352
0.666789
0.669352
0.668070
0.664226
0.662944
0.662944
0.660381
0.657817
0.660381
0.655254
0.657817
0.657817
0.661662
0.659099
0.660381
0.664226
0.673197
0.673197
0.664226
0.662944
0.662944
0.666789
0.679605
0.686013
0.693703
0.718054
0.738561
0.753940
0.765475
0.768038
0.773165
0.769320
0.761630
0.752659
0.729589
0.716773
0.712928
0.709083
0.709083
0.694985
0.692422
0.683450
0.680887
0.691140
0.710365
0.725744
0.723181
0.728307
0.747532
0.783418
0.798798
0.792389
0.765475
0.761630
0.762912
0.765475
0.735997
0.725744
0.694985
0.724463
0.737279
0.738561
0.733434
0.737279
0.747532
0.752659
0.751377
0.747532
0.730871
0.721899
0.719336
0.727026
0.725744
0.723181
0.715491
0.719336
0.712928
0.711646
0.711646
0.720618
0.715491
0.732152
0.739842
0.744969
0.765475
0.764193
0.759067
0.780855
0.782136
0.777010
0.779573
0.779573
0.778291
0.777010
0.778291
0.777010
0.774446
0.774446
0.770602
0.771883
0.778291
0.783418
0.778291
0.768038
0.766757
0.762912
0.761630
0.760348
0.760348
0.762912
0.762912
0.764193
0.761630
0.764193
0.760348
0.756504
0.753940
0.755222
0.756504
0.752659
0.748814
0.741124
0.739842
0.735997
0.737279
0.730871
0.730871
0.729589
0.727026
0.729589
0.747532
0.757785
0.756504
0.757785
0.752659
0.748814
0.746250
0.748814
0.746250
0.739842
0.742406
0.735997
0.732152
0.732152
0.728307
0.727026
0.727026
0.725744
0.725744
0.727026
0.723181
0.719336
0.716773
0.716773
0.712928
0.714209
0.712928
0.715491
0.712928
0.714209
0.711646
0.707801
0.712928
0.720618
0.715491
0.709083
0.706520
0.703956
0.700111
0.698830
0.696266
0.689858
0.689858
0.694985
0.697548
0.698830
0.700111
0.700111
0.697548
0.698830
0.696266
0.691140
0.691140
0.691140
0.694985
0.689858
0.683450
0.680887
0.678324
0.680887
0.675760
0.678324
0.684732
0.686013
0.680887
0.684732
0.683450
0.680887
0.674479
0.673197
0.671915
0.677042
0.674479
0.671915
0.677042
0.684732
0.677042
0.673197
0.683450
0.688577
0.688577
0.687295
0.686013
0.683450
0.682168
0.686013
0.687295
0.693703
0.716773
0.728307
0.737279
0.747532
0.761630
0.789826
0.806488
0.814177
0.820586
0.824430
0.811614
0.805206
0.803924
0.821867
0.820586
0.824430
0.814177
0.810332
0.806488
0.801361
0.796234
0.794953
0.788545
0.787263
0.785981
0.785981
0.779573
0.780855
0.778291
0.775728
0.777010
0.778291
0.770602
0.780855
0.783418
0.780855
0.780855
0.780855
0.791108
0.793671
0.800079
0.802643
0.803924
0.815459
0.837247
0.873133
0.893639
0.903892
0.910300
0.911582
0.907737
0.896202
0.891076
0.869288
0.880823
0.869288
0.882104
0.914145
0.944905
1.010268
1.056407
1.110236
1.151249
1.161502
1.190979
1.194824
1.203796
1.214049
1.216612
1.211486
1.206359
1.211486
1.221739
1.248653
1.252498
1.252498
1.246090
1.240963
1.234555
1.228147
1.223020
1.217894
1.215331
1.211486
1.212767
1.210204
1.207641
1.203796
1.201233
1.197388
1.193543
1.190979
1.189698
1.187135
1.185853
1.182008
1.179445
1.174318
1.171755
1.174318
1.169192
1.161502
1.160220
1.158938
1.155094
1.158938
1.155094
1.157657
1.160220
1.162783
1.157657
1.158938
1.156375
1.155094
1.152530
1.152530
1.151249
1.148685
1.146122
1.146122
1.143559
1.144840
1.143559
1.139714
1.140996
1.142277
1.143559
1.139714
1.140996
1.143559
1.144840
1.158938
1.176881
1.203796
1.235837
1.255061
1.267878
1.274286
1.271723
1.265315
1.258906
1.251217
1.240963
1.231992
1.223020
1.217894
1.210204
1.206359
1.197388
1.193543
1.187135
1.183290
1.188416
1.175600
1.153812
1.146122
1.143559
1.143559
1.140996
1.139714
1.138432
1.137151
1.133306
1.132024
1.130742
1.130742
1.132024
1.126897
1.125616
1.123052
1.121771
1.119208
1.117926
1.112799
1.111518
1.108954
1.108954
1.103828
1.098701
1.098701
1.092293
1.091012
1.092293
1.093575
1.088448
1.088448
1.093575
1.097420
1.105110
1.105110
1.110236
1.112799
1.112799
1.110236
1.107673
1.105110
1.103828
1.103828
1.102546
1.103828
1.101265
1.099983
1.099983
1.098701
1.096138
1.097420
1.098701
1.098701
1.097420
1.114081
1.111518
1.111518
1.107673
1.103828
1.103828
1.099983
1.103828
1.101265
1.098701
1.097420
1.096138
1.092293
1.093575
1.088448
1.087167
1.085885
1.083322
1.083322
1.079477
1.078195
1.074350
1.075632
1.073069
1.069224
1.067942
1.069224
1.070505
1.074350
1.075632
1.078195
1.078195
1.078195
1.078195
1.073069
1.070505
1.066660
1.067942
1.007705
0.929525
0.852627
0.841092
0.838529
0.873133
0.869288
0.862880
0.844937
0.809051
0.842373
0.894921
0.928243
0.962848
0.996170
1.012831
1.021803
1.020521
1.014113
0.998733
0.994889
0.989762
0.979509
0.971819
0.970537
0.994889
1.010268
1.003860
1.002578
0.996170
1.000015
1.000015
1.008987
1.025648
1.044873
1.041028
1.042309
1.048717
1.055126
1.060252
1.057689
1.064097
1.071787
1.091012
1.089730
1.083322
1.089730
1.091012
1.088448
1.091012
1.088448
1.087167
1.085885
1.080758
1.076913
1.076913
1.066660
1.064097
1.070505
1.075632
1.074350
1.070505
1.069224
1.065379
1.065379
1.061534
1.060252
1.061534
1.062815
1.057689
1.057689
1.058971
1.061534
1.061534
1.064097
1.066660
1.062815
1.060252
1.058971
1.060252
1.060252
1.061534
1.061534
1.065379
1.065379
1.066660
1.069224
1.067942
1.069224
1.070505
1.067942
1.074350
1.069224
1.065379
1.065379
1.065379
1.061534
1.060252
1.058971
1.060252
1.064097
1.058971
1.061534
1.061534
1.064097
1.060252
1.056407
1.055126
1.052562
1.052562
1.058971
1.058971
1.057689
1.058971
1.060252
1.058971
1.071787
1.070505
1.069224
1.062815
1.058971
1.066660
1.071787
1.070505
1.070505
1.076913
1.080758
1.085885
1.089730
1.092293
1.092293
1.092293
1.089730
1.089730
1.088448
1.084603
1.080758
1.079477
1.078195
1.083322
1.096138
1.101265
1.110236
1.111518
1.105110
1.106391
1.106391
1.098701
1.094856
1.092293
1.089730
1.084603
1.084603
1.080758
1.075632
1.075632
1.070505
1.067942
1.066660
1.071787
1.066660
1.060252
1.058971
1.058971
1.064097
1.064097
1.062815
1.060252
1.061534
1.064097
1.067942
1.065379
1.066660
1.064097
1.060252
1.057689
1.058971
1.057689
1.053844
1.051281
1.048717
1.047436
1.049999
1.051281
1.052562
1.056407
1.056407
1.057689
1.057689
1.057689
1.052562
1.048717
1.047436
1.043591
1.042309
1.042309
1.041028
1.037183
1.041028
1.049999
1.064097
1.071787
1.056407
1.051281
1.049999
1.047436
1.042309
1.041028
1.042309
1.047436
1.048717
1.064097
1.076913
1.075632
1.083322
1.075632
1.076913
1.082040
1.087167
1.085885
1.084603
1.079477
1.082040
1.079477
1.079477
1.074350
1.069224
1.073069
1.082040
1.080758
1.083322
1.082040
1.078195
1.075632
1.075632
1.074350
1.083322
1.084603
1.084603
1.089730
1.085885
1.082040
1.076913
1.073069
1.083322
1.082040
1.080758
1.080758
1.085885
1.084603
1.091012
1.091012
1.094856
1.101265
1.101265
1.103828
1.103828
1.099983
1.103828
1.102546
1.098701
1.094856
1.107673
1.105110
1.096138
1.092293
1.092293
1.092293
1.089730
1.096138
1.099983
1.105110
1.107673
1.111518
1.107673
1.103828
1.101265
1.098701
1.097420
1.097420
1.097420
1.094856
1.089730
1.082040
1.071787
1.066660
1.065379
1.064097
1.062815
1.065379
1.065379
1.067942
1.069224
1.074350
1.061534
1.042309
1.035901
1.037183
1.052562
1.073069
1.093575
1.094856
1.111518
1.098701
1.011550
0.978227
0.934651
0.896202
0.857753
0.891076
0.917990
0.915427
0.892357
0.919272
0.912864
0.943623
0.980790
0.984635
0.978227
0.985917
1.007705
1.014113
1.014113
1.007705
1.003860
0.998733
1.014113
1.016676
0.998733
0.982072
0.982072
0.985917
0.973101
0.951313
0.950031
0.943623
0.928243
0.910300
0.905174
0.901329
0.896202
0.897484
0.898766
0.900047
0.898766
0.909019
0.919272
0.925680
0.928243
0.928243
0.925680
0.923117
0.920553
0.917990
0.917990
0.917990
0.915427
0.916709
0.912864
0.911582
0.928243
0.930807
0.933370
0.939778
0.942341
0.942341
0.938496
0.933370
0.929525
0.923117
0.917990
0.914145
0.907737
0.901329
0.898766
0.956439
0.953876
0.951313
0.962848
0.973101
0.975664
0.942341
0.943623
0.948749
0.944905
0.938496
0.933370
0.932088
0.932088
0.917990
0.912864
0.906455
0.902610
0.897484
0.898766
0.897484
0.894921
0.900047
0.896202
0.893639
0.891076
0.896202
0.894921
0.901329
0.911582
0.910300
0.906455
0.905174
0.902610
0.898766
0.903892
0.905174
0.906455
0.909019
0.906455
0.905174
0.901329
0.898766
0.897484
0.893639
0.893639
0.896202
0.896202
0.896202
0.893639
0.889794
0.885949
0.882104
0.897484
0.905174
0.909019
0.916709
0.910300
0.909019
0.910300
0.902610
0.898766
0.894921
0.898766
0.896202
0.893639
0.887231
0.882104
0.878259
0.873133
0.870569
0.869288
0.861598
0.859035
0.860316
0.868006
0.866725
0.856471
0.860316
0.859035
0.855190
0.853908
0.847500
0.844937
0.841092
0.834684
0.832120
0.851345
0.859035
0.862880
0.866725
0.875696
0.871851
0.871851
0.868006
0.868006
0.868006
0.868006
0.866725
0.861598
0.857753
0.855190
0.853908
0.851345
0.843655
0.843655
0.850063
0.850063
0.844937
0.851345
0.878259
0.876978
0.861598
0.855190
0.856471
0.853908
0.852627
0.851345
0.853908
0.852627
0.855190
0.856471
0.857753
0.856471
0.855190
0.853908
0.850063
0.847500
0.846218
0.852627
0.857753
0.848782
0.850063
0.847500
0.848782
0.846218
0.848782
0.847500
0.846218
0.846218
0.848782
0.847500
0.848782
0.848782
0.847500
0.847500
0.844937
0.843655
0.844937
0.839810
0.842373
0.837247
0.835965
0.838529
0.835965
0.834684
0.833402
0.835965
0.838529
0.829557
0.820586
0.818022
0.816741
0.814177
0.810332
0.814177
0.812896
0.811614
0.811614
0.807769
0.809051
0.815459
0.824430
0.832120
0.838529
0.837247
0.834684
0.833402
0.825712
0.821867
0.821867
0.818022
0.812896
0.809051
0.807769
0.802643
0.800079
0.798798
0.794953
0.792389
0.792389
0.791108
0.788545
0.787263
0.782136
0.787263
0.806488
0.803924
0.791108
0.792389
0.789826
0.785981
0.782136
0.778291
0.775728
0.770602
0.770602
0.768038
0.762912
0.764193
0.766757
0.762912
0.762912
0.762912
0.760348
0.751377
0.750095
0.751377
0.771883
0.777010
0.778291
0.775728
0.778291
0.779573
0.783418
0.784700
0.792389
0.794953
0.792389
0.803924
0.797516
0.793671
0.796234
0.797516
0.801361
0.803924
0.801361
0.806488
0.814177
0.823149
0.830839
0.829557
0.830839
0.835965
0.832120
0.825712
0.810332
0.807769
0.800079
0.798798
0.803924
0.801361
0.794953
0.801361
0.796234
0.798798
0.798798
0.797516
0.793671
0.789826
0.791108
0.774446
0.762912
0.759067
0.769320
0.768038
0.766757
0.768038
0.768038
0.768038
0.801361
0.810332
0.805206
0.805206
0.803924
0.811614
0.811614
0.800079
0.797516
0.800079
0.802643
0.802643
0.798798
0.798798
0.793671
0.788545
0.785981
0.778291
0.774446
0.769320
0.764193
0.769320
0.771883
0.780855
0.765475
0.766757
0.762912
0.759067
0.755222
0.756504
0.753940
0.782136
0.796234
0.778291
0.779573
0.796234
0.823149
0.856471
0.846218
0.833402
0.826994
0.812896
0.818022
0.821867
0.811614
0.807769
0.801361
0.793671
0.789826
0.794953
0.784700
0.782136
0.778291
0.771883
0.769320
0.766757
0.756504
0.751377
0.743687
0.733434
0.734716
0.730871
0.730871
0.724463
0.721899
0.721899
0.714209
0.711646
0.710365
0.709083
0.707801
0.705238
0.701393
0.697548
0.698830
0.694985
0.694985
0.693703
0.692422
0.689858
0.689858
0.688577
0.682168
0.684732
0.684732
0.682168
0.680887
0.680887
0.675760
0.671915
0.670634
0.669352
0.665507
0.666789
0.664226
0.661662
0.657817
0.657817
0.653972
0.652691
0.648846
0.650127
0.647564
0.652691
0.655254
0.660381
0.662944
0.665507
0.662944
0.661662
0.659099
0.657817
0.652691
0.651409
0.646283
0.639874
0.638593
0.634748
0.634748
0.632185
0.625776
0.628340
0.624495
0.630903
0.628340
0.627058
0.630903
0.627058
0.625776
0.621931
0.620650
0.616805
0.615523
0.612960
0.610397
0.610397
0.614242
0.610397
0.611678
0.609115
0.611678
0.609115
0.610397
0.609115
0.607833
0.606552
0.605270
0.603988
0.600143
0.600143
0.598862
0.600143
0.600143
0.601425
0.598862
0.597580
0.596299
0.595017
0.596299
0.589890
0.588609
0.591172
0.609115
0.606552
0.603988
0.587327
0.584764
0.587327
0.592454
0.593735
0.598862
0.602707
0.600143
0.602707
0.606552
0.603988
0.607833
0.615523
0.627058
0.633466
0.637311
0.643719
0.643719
0.646283
0.643719
0.646283
0.647564
0.650127
0.647564
0.645001
0.642438
0.645001
0.642438
0.642438
0.645001
0.647564
0.646283
0.645001
0.665507
0.670634
0.659099
0.650127
0.650127
0.657817
0.664226
0.670634
0.682168
0.677042
0.674479
0.678324
0.673197
0.671915
0.673197
0.682168
0.689858
0.689858
0.694985
0.700111
0.697548
0.693703
0.693703
0.691140
0.688577
0.682168
0.680887
0.677042
0.673197
0.668070
0.660381
0.659099
0.656536
0.650127
0.646283
0.648846
0.643719
0.641156
0.643719
0.643719
0.645001
0.645001
0.647564
0.646283
0.643719
0.641156
0.641156
0.634748
0.633466
0.630903
0.628340
0.634748
0.634748
0.633466
0.632185
0.630903
0.627058
0.627058
0.620650
0.618086
0.620650
0.630903
0.632185
0.630903
0.629621
0.629621
0.627058
0.625776
0.625776
0.625776
0.623213
0.623213
0.621931
0.618086
0.615523
0.615523
0.610397
0.632185
0.638593
0.642438
0.641156
0.639874
0.634748
0.633466
0.628340
0.621931
0.621931
0.624495
0.621931
0.624495
0.638593
0.652691
0.651409
0.647564
0.634748
0.641156
0.647564
0.641156
0.634748
0.628340
0.623213
0.620650
0.624495
0.629621
0.611678
0.610397
0.612960
0.612960
0.615523
0.618086
0.621931
0.621931
0.632185
0.701393
0.716773
0.719336
0.719336
0.719336
0.719336
0.718054
0.715491
0.715491
0.714209
0.709083
0.712928
0.719336
0.719336
0.737279
0.738561
0.730871
0.729589
0.729589
0.727026
0.728307
0.729589
0.733434
0.735997
0.738561
0.735997
0.734716
0.734716
0.727026
0.725744
0.720618
0.716773
0.718054
0.716773
0.715491
0.714209
0.714209
0.707801
0.702675
0.701393
0.692422
0.688577
0.688577
0.683450
0.684732
0.682168
0.680887
0.678324
0.689858
0.665507
0.645001
0.641156
0.638593
0.630903
0.628340
0.623213
0.623213
0.619368
0.615523
0.618086
0.616805
0.624495
0.624495
0.629621
0.633466
0.638593
0.636029
0.648846
0.659099
0.656536
0.682168
0.716773
0.734716
0.741124
0.751377
0.769320
0.773165
0.777010
0.787263
0.792389
0.806488
0.811614
0.816741
0.820586
0.819304
0.818022
0.819304
0.821867
0.823149
0.828275
0.830839
0.828275
0.824430
0.824430
0.824430
0.821867
0.816741
0.815459
0.812896
0.810332
0.809051
0.805206
0.803924
0.801361
0.802643
0.801361
0.802643
0.802643
0.800079
0.802643
0.801361
0.798798
0.797516
0.800079
0.805206
0.803924
0.806488
0.811614
0.814177
0.814177
0.820586
0.820586
0.818022
0.818022
0.818022
0.810332
0.810332
0.812896
0.812896
0.812896
0.812896
0.811614
0.811614
0.811614
0.812896
0.810332
0.810332
0.810332
0.805206
0.803924
0.806488
0.807769
0.805206
0.805206
0.805206
0.803924
0.805206
0.803924
0.805206
0.810332
0.810332
0.811614
0.809051
0.818022
0.814177
0.814177
0.819304
0.820586
0.821867
0.820586
0.819304
0.819304
0.814177
0.803924
0.797516
0.798798
0.805206
0.802643
0.806488
0.807769
0.806488
0.806488
0.807769
0.800079
0.796234
0.796234
0.797516
0.800079
0.812896
0.823149
0.839810
0.843655
0.843655
0.835965
0.832120
0.825712
0.823149
0.796234
0.792389
0.789826
0.792389
0.785981
0.782136
0.782136
0.783418
0.774446
0.770602
0.770602
0.766757
0.765475
0.768038
0.764193
0.757785
0.757785
0.752659
0.752659
0.748814
0.743687
0.746250
0.741124
0.744969
0.742406
0.739842
0.738561
0.738561
0.737279
0.739842
0.744969
0.748814
0.756504
0.764193
0.766757
0.765475
0.761630
0.757785
0.755222
0.755222
0.766757
0.797516
0.820586
0.838529
0.818022
0.797516
0.770602
0.732152
0.712928
0.738561
0.755222
0.764193
0.784700
0.801361
0.805206
0.814177
0.860316
0.901329
0.956439
1.037183
1.099983
1.093575
1.096138
1.180726
1.207641
1.216612
1.215331
1.199951
1.143559
1.093575
1.161502
1.146122
1.092293
1.071787
1.006423
1.012831
1.025648
1.020521
0.970537
0.993607
1.070505
1.134587
1.142277
1.144840
1.142277
1.140996
1.140996
1.147404
1.129461
1.119208
1.080758
1.066660
1.007705
1.000015
1.000015
1.007705
1.052562
1.094856
1.128179
1.124334
1.067942
1.044873
1.079477
1.097420
1.116644
1.087167
1.047436
1.056407
1.060252
0.962848
1.012831
1.071787
1.102546
1.134587
1.158938
1.158938
1.148685
1.160220
1.188416
1.223020
1.264033
1.293511
1.322988
1.367846
1.394760
1.428083
1.442181
1.446026
1.472940
1.475603
1.493546
1.497390
1.461504
1.467913
1.484574
1.535840
1.497390
1.464068
1.461504
1.455096
1.460223
1.458941
1.456378
1.448688
1.444843
1.439717
1.437153
1.430745
1.421774
1.415365
1.410239
1.403831
1.396141
1.393578
1.391014
1.393578
1.398704
1.408957
1.412802
1.416647
1.421774
1.417929
1.415365
1.417929
1.419210
1.419210
1.424337
1.428182
1.437153
1.443562
1.446125
1.448688
1.446125
1.446125
1.440998
1.435872
1.432027
1.430745
1.430745
1.434590
1.432027
1.432027
1.429464
1.426900
1.432027
1.434590
1.440998
1.457660
1.461504
1.456378
1.451251
1.447407
1.448688
1.451251
1.456378
1.464068
1.471758
1.474321
1.471758
1.484574
1.489701
1.490982
1.487137
1.489701
1.524305
1.570444
1.610175
1.637089
1.651187
1.639652
1.628118
1.624273
1.624273
1.620428
1.616583
1.614020
1.602485
1.597358
1.592232
1.590950
1.594795
1.598640
1.599922
1.597358
1.597358
1.597358
1.608893
1.592232
1.593513
1.594795
1.584542
1.584542
1.589669
1.651187
1.765253
1.920331
2.056185
2.105087
2.147381
2.130720
2.106369
2.067919
2.038442
2.017936
2.010246
1.992303
1.982050
1.970515
1.956417
1.947445
1.943600
1.933347
1.938474
1.938474
1.932066
1.925658
1.917968
1.903870
1.905151
1.919249
1.925658
1.924376
1.919249
1.908996
1.911559
1.929502
1.969233
2.012809
2.034597
2.034597
2.021780
2.015372
2.085862
2.280672
2.497269
2.648562
2.752375
2.775445
2.794669
2.792106
2.753657
2.711363
2.708799
2.733150
2.747248
2.752375
2.713926
2.681885
2.643436
2.598578
2.561411
2.529370
2.502455
2.480667
2.479386
2.516553
2.593452
2.657534
2.690856
2.708799
2.702391
2.674195
2.656252
2.694701
2.763910
2.825428
2.867723
2.922833
2.966539
2.972948
2.975511
3.028058
3.224149
3.448436
3.582197
3.615520
3.648843
3.664222
3.701390
3.701390
3.709080
3.684728
3.650124
3.612957
3.574507
3.534776
3.509144
3.478384
3.446343
3.432245
3.415584
3.393796
3.379698
3.370727
3.391233
3.316898
3.281012
3.279730
3.298955
3.357910
3.571944
3.785978
3.919268
4.023430
4.091357
4.190043
4.278477
4.307954
4.316926
4.307954
4.279758
4.245154
4.224648
4.211832
4.193889
4.175946
4.174664
4.175946
4.184917
4.179790
4.166974
4.141341
4.116990
4.119554
4.174664
4.215676
4.182354
4.149031
4.114427
4.164411
4.272069
4.391261
4.501482
4.730410
4.929064
5.115219
5.240819
5.349759
5.409996
5.418541
5.372403
5.441611
5.753049
6.022194
6.348519
6.538201
6.882384
7.034899
7.226645
7.304824
7.339429
7.231771
7.183069
7.263812
7.354808
7.380441
7.415046
7.419478
7.613005
7.970583
8.246621
8.179976
8.229960
8.290197
8.283789
8.249185
8.235086
8.191511
8.154344
7.827525
8.012081
7.851876
7.610928
7.285392
6.786348
6.287203
6.774726
6.652970
6.678603
6.633746
6.510708
6.972099
7.462466
7.668116
7.704002
7.774492
7.812941
7.898811
7.962893
7.890326
7.712178
7.742937
7.786513
7.766006
7.785231
7.862130
7.944155
7.955689
8.112049
8.318394
8.328647
8.288916
8.282508
8.278663
8.283789
8.273536
8.258156
8.242777
8.222270
8.204328
8.183821
8.172286
8.156907
8.141527
8.149217
8.171005
8.182540
8.208173
8.200482
8.174850
8.217144
8.354280
8.464500
8.492538
8.498946
8.481004
8.446400
8.479722
8.588661
8.723233
8.855243
8.956491
9.059170
9.114281
8.989962
8.984835
9.102746
9.109154
9.351383
9.479548
9.545088
9.552778
9.545088
9.560468
9.693758
9.833457
10.021858
10.361983
10.549103
11.021989
11.428830
11.413450
11.430111
11.417295
11.542895
11.735579
11.722763
11.684314
11.717636
11.793253
11.917572
12.047018
12.418253
12.522066
12.708577
12.793165
12.891851
12.871345
12.939272
13.044366
13.215380
13.319193
13.298686
13.078244
12.984685
13.030824
13.124383
13.373021
13.352515
13.497340
13.140389
13.107067
13.367240
13.595371
13.692777
13.660735
13.587682
13.647919
13.677397
13.914500
13.991398
13.922881
13.852391
13.843420
13.838293
13.842138
13.861362
13.875461
13.919037
14.120254
14.429130
14.568828
14.939806
14.988508
15.092565
15.079748
15.078466
15.093846
15.123323
15.137422
15.134858
15.305316
14.358185
13.833751
13.330764
12.866118
12.375906
13.104604
13.587055
13.922190
13.035295
13.050674
13.249329
13.770956
14.026003
14.325316
14.430410
14.529097
13.832470
13.330764
13.646637
13.050674
13.268554
12.905849
13.375585
13.606280
14.108027
14.609840
15.091040
15.489873
15.605273
15.964132
16.110304
16.053913
15.796303
15.338758
15.755225
16.053848
16.294861
16.308958
16.278200
16.276918
16.258976
16.211554
16.212835
16.430716
16.330748
16.299988
16.194893
16.428152
16.347408
16.474291
16.718878
15.924261
15.352856
14.968299
15.319468
15.209247
14.846542
14.331270
15.061562
15.611629
16.110239
16.588356
16.943165
17.025188
17.196779
17.439009
17.574862
17.926334
17.936588
18.051935
18.367718
18.386942
18.347212
18.463840
18.520233
18.653906
18.852558
18.916641
19.021736
19.119520
19.111830
19.020834
18.974693
18.477417
18.306581
18.570599
18.593668
18.568035
18.357845
18.251471
18.187387
18.147657
18.312988
18.279667
18.348875
18.210457
18.266850
18.406548
18.535994
18.607765
18.656467
18.758999
18.869221
18.917923
19.001230
19.106703
19.083633
19.115675
19.082352
19.092606
19.087479
19.100294
19.134899
19.131054
19.132336
19.172066
19.215643
19.239994
19.270754
19.289978
19.272034
19.274597
19.288696
19.297667
19.320736
19.306639
19.289978
19.293823
19.288696
19.278442
19.273315
19.277161
19.275879
19.270754
19.282288
19.356623
19.468126
19.547586
19.777874
19.799662
19.786846
19.754805
19.697130
19.702257
19.834267
19.949614
20.002161
20.275690
20.170597
20.333364
20.444868
20.514076
20.695412
20.764620
20.817167
20.863306
20.909445
20.949177
20.981216
21.005568
21.151041
21.185646
21.195898
21.247164
21.279205
21.309965
21.348413
21.404806
21.417622
21.420185
21.417622
21.400961
21.371483
21.443254
21.573982
21.827215
22.007927
22.571760
22.903801
22.998642
23.226257
23.318535
23.399279
23.442854
23.476177
23.465923
23.445417
23.495401
23.630751
23.637159
23.758915
23.829405
23.785830
23.821714
23.833250
24.003708
24.088295
24.020170
23.657465
23.471628
23.666636
23.697395
23.585894
23.515404
23.606400
23.594864
23.567949
23.378267
23.242414
23.175768
23.171923
23.188585
23.210373
23.277018
23.283426
23.079645
22.905342
23.119881
23.359549
23.554358
23.939625
24.048565
24.230358
24.262400
24.302130
24.345707
24.413633
24.418760
24.431576
24.448238
24.462336
24.484123
24.505911
24.528980
24.684067
24.722515
24.719952
24.367500
25.013447
25.101881
25.402124
25.338043
25.240639
25.191936
25.165022
25.165022
25.213724
25.290623
25.309847
25.273962
25.235512
25.226542
25.225260
25.215006
25.190655
25.184246
25.197063
25.184246
25.167585
25.159895
25.132980
25.135544
25.118883
25.085560
25.102222
25.156050
25.176558
25.262426
25.368803
25.350861
25.412378
25.513628
25.591808
25.610434
25.623251
25.625813
24.911940
24.408854
24.029148
24.031704
24.130390
24.211134
24.414915
24.418760
24.478996
24.586655
24.818638
24.959620
24.868622
24.809668
24.766090
24.736614
24.676376
24.836582
25.065994
25.285496
25.350861
25.340607
24.474218
24.520016
24.675095
24.530270
24.793005
24.884003
24.863495
24.867340
24.931423
24.849398
24.748148
24.735332
24.857088
23.909956
23.469065
23.910149
24.066507
23.680534
23.948399
23.915075
23.739491
23.812544
23.407545
22.904060
22.376530
21.877207
21.375992
20.874958
20.374367
20.290413
20.332708
20.562120
20.565966
20.469843
20.427549
20.442928
20.491631
20.439083
20.258373
20.228895
19.872599
19.370853
18.870474
18.368479
17.866978
17.365475
16.865137
16.470089
16.352329
16.333103
16.272867
16.217756
16.190842
16.153675
16.354891
16.840633
16.679146
16.527914
15.861461
16.492233
17.121313
17.606903
17.995544
18.174191
18.203669
18.179317
18.171627
18.183161
18.161373
18.149839
18.172909
18.240835
18.233145
18.257496
18.279285
18.288256
18.286974
18.286974
18.272877
18.293383
18.312607
18.360027
18.313889
18.393351
18.448462
18.293383
18.485628
18.653906
18.720551
18.835897
18.662876
18.464222
19.021736
19.265627
18.367197
17.866978
17.364193
16.927938
16.390627
15.862742
15.716842
16.126966
16.423025
16.487106
16.367708
16.408720
16.277994
16.497154
16.494591
16.521505
16.326696
16.215193
16.283119
16.325415
16.207502
16.129324
16.006287
16.106255
16.280556
16.403595
15.861461
15.424627
15.454040
15.519403
15.606555
15.443787
15.159263
15.210528
15.281018
15.284863
15.179770
15.107997
15.129786
15.136193
15.075956
14.887555
14.519671
14.332552
13.877327
13.535827
13.330764
12.830233
12.862929
13.105159
13.107722
13.088497
13.078244
13.135919
13.262800
13.293560
13.208972
13.152579
13.078244
13.015444
12.937264
12.848831
12.812945
12.815508
12.707850
12.670683
12.646332
12.620699
12.610446
12.619417
12.610446
12.582250
12.528421
12.450241
12.386885
12.445841
12.226680
12.204892
12.116459
12.061349
11.972916
11.826809
11.750519
11.809475
11.801785
11.876120
11.829981
11.909442
12.033761
12.135011
12.208064
12.233697
12.193967
12.202938
12.173460
12.170897
12.283681
11.978651
12.228571
12.259330
11.958145
12.220881
12.369551
12.528475
12.663719
12.722674
13.005918
13.253829
13.153861
12.557899
12.325922
12.403546
12.679099
13.016171
13.038513
13.041077
12.910350
12.839859
12.580968
12.551491
12.554053
12.809100
12.632234
12.668119
12.783467
12.665556
12.541237
12.470747
12.463058
12.437425
12.426616
12.693197
12.736773
12.747025
12.736773
12.686789
12.652184
12.593229
12.557343
12.549653
12.607327
12.688070
12.721393
12.727801
12.656030
12.686789
12.739336
12.855966
13.017452
13.235886
13.317911
13.389683
13.433259
13.429414
13.467863
13.590245
13.545387
13.518474
13.627413
13.631257
13.660735
13.477461
13.522318
13.863235
13.949104
14.136915
14.089495
13.643484
13.432014
13.492841
13.513347
13.550514
13.583837
13.514628
13.322382
13.274961
13.333917
13.330072
13.305721
13.231386
13.232668
13.216006
13.235230
13.257019
13.255737
13.246765
13.239076
13.236512
13.273680
13.269835
13.314692
13.383901
13.403126
13.517192
13.374929
13.391591
13.349297
13.317256
13.295468
13.339044
13.423632
13.497967
13.606906
13.881177
14.052917
14.099748
13.956204
13.870335
13.839575
13.956204
14.267643
14.429130
14.513718
14.156724
14.123402
13.832470
13.530700
13.649892
13.725509
13.879306
13.869053
13.951077
14.012596
14.027976
14.001061
13.972865
13.981837
14.198434
14.593179
14.730899
14.556596
14.415616
14.314366
14.277199
14.227215
14.190047
14.145189
14.200300
14.238750
14.219524
14.156724
14.069572
14.181075
14.019588
13.832470
13.329482
12.828951
12.328485
12.590666
12.459939
12.208737
11.939593
11.592877
11.485220
11.323733
11.137053
11.599726
11.768902
11.704820
11.662526
11.621513
11.672779
11.704820
11.725327
11.761212
11.775311
11.835547
11.827857
11.791971
11.794535
11.615106
11.643301
11.809915
11.953458
11.986341
11.976088
11.949173
11.741548
12.050423
12.178587
12.187558
12.140138
12.152954
12.181150
12.178587
12.031199
11.933793
11.904316
11.860740
11.849205
11.919696
12.132447
12.322130
12.340074
12.361861
12.388776
12.332383
12.333665
12.274710
12.149109
12.091435
12.054268
11.628763
11.501881
11.394223
11.789409
11.783000
11.645864
11.703539
11.845800
12.003442
12.045296
11.833826
12.079901
11.788968
11.404476
11.338271
11.343398
11.294695
11.294695
11.292132
11.468998
11.563840
11.635612
11.620232
11.622795
11.617668
11.634330
11.625359
11.706101
11.804788
11.885531
12.000879
11.982496
11.920978
11.894063
11.894063
11.895345
11.887654
11.890218
12.009410
12.004284
11.863303
11.926104
11.691564
11.814601
11.692845
11.342957
10.821771
10.320211
9.821093
9.799343
9.842918
9.801907
9.804470
9.832665
9.828821
9.812160
9.791654
9.758330
9.787808
9.821131
9.891622
10.156920
10.229974
10.346603
10.437600
10.500361
10.567007
10.643906
10.682355
10.754127
10.914331
10.974568
11.023831
11.063562
11.094322
11.109701
11.122518
11.130208
11.135334
11.162249
11.490349
11.684314
11.662526
11.645864
11.635612
11.618950
11.608697
11.588191
11.577938
11.597162
11.295977
11.340835
11.401072
11.436957
11.431830
11.456182
11.448492
11.477970
11.517701
11.534362
11.566403
11.562558
11.575375
11.570248
11.562558
11.568966
11.563840
11.563840
11.563840
11.551023
11.539489
11.544615
11.524109
11.503603
11.492068
11.479252
11.458745
11.435676
11.421577
11.398508
11.380566
11.365186
11.342116
11.345961
11.331862
11.329300
11.320328
11.308793
11.289569
11.285724
11.272907
11.271626
11.240867
11.176785
11.171658
11.152433
11.135772
11.057592
10.821771
10.668818
10.603454
10.467600
10.336873
10.196613
9.962073
9.904399
9.878805
9.751923
9.623758
9.527636
9.446892
9.384883
9.379756
9.386165
9.396418
9.428459
9.461782
9.489978
9.498949
9.509202
8.864537
9.078394
9.220656
9.010468
8.965611
8.959202
8.965611
9.145040
9.275767
9.312935
9.324470
9.323188
9.305244
9.283457
9.243726
9.198869
9.161701
9.087366
8.996369
8.805405
8.436293
8.322227
8.375909
8.557902
8.691193
8.638645
7.895294
7.678855
7.635279
7.619900
7.671165
7.705770
7.712178
7.714741
7.699361
7.678855
7.649377
7.636561
7.619900
7.595549
7.578887
7.580169
7.596830
7.582732
7.590422
7.598112
7.596830
7.607083
7.621181
7.626308
7.639124
7.627590
7.623744
7.637843
7.737811
7.951844
8.042841
7.841623
8.036432
8.017208
7.812146
8.033870
8.363251
8.497823
8.578408
8.737331
8.952647
9.055325
9.046353
9.068141
8.650327
8.297875
7.837620
7.713459
7.742937
7.805737
7.987731
7.471230
7.285392
6.988847
7.333608
6.947834
7.052929
7.045239
6.897851
6.872912
6.930586
7.101044
7.154873
6.993386
6.748593
6.593514
6.644780
6.490983
6.376917
6.282577
6.089049
5.995489
5.927562
5.960885
5.955759
5.842974
5.814075
5.856369
5.817920
5.670531
5.537241
5.403950
5.478779
5.462117
5.423668
5.395472
5.423668
5.468525
5.432640
5.395472
5.453146
5.496722
5.524918
5.464681
5.481342
5.518509
5.462117
5.485187
5.496722
5.515946
5.539016
5.563367
5.604379
5.633857
5.678714
5.692812
5.696657
5.687686
5.687686
5.709474
5.645392
5.649237
5.658208
5.664617
5.696657
5.690249
5.627449
5.736388
5.858144
5.805597
5.783809
5.818413
5.855581
5.837638
5.860707
5.905565
5.972210
6.058868
6.115261
6.149865
6.174216
6.176779
6.174216
6.146020
6.147301
6.116542
6.113979
6.131922
6.153709
6.235734
6.399785
6.543328
6.743967
6.836245
6.942621
6.989541
6.851124
6.902390
7.126677
7.306106
7.427862
7.613005
7.784745
7.832166
7.761675
7.793716
7.783463
7.688622
7.607879
7.584809
7.609160
7.456645
7.427167
7.484841
7.536107
7.506629
7.442547
7.433576
7.468180
7.489968
7.565585
7.584809
7.495094
7.438702
7.407943
7.352832
7.291314
7.250301
7.293877
7.206726
7.188783
7.149052
6.933736
6.910667
6.696046
6.611457
6.558910
6.356411
6.083922
6.036502
6.094175
5.875015
5.643617
5.655152
5.579535
5.446245
5.302701
5.260900
5.287814
5.064809
4.973813
5.057119
5.144271
5.040458
4.876408
4.740980
4.810189
4.866581
4.894777
4.896059
4.938353
4.992182
4.994745
4.946043
4.984492
5.025504
5.057545
5.097276
5.124190
5.170330
5.243383
5.251073
5.235693
5.202371
5.236975
5.262608
4.976802
4.852483
4.811471
4.780711
4.742262
4.734572
4.746107
4.787119
5.012688
5.071643
5.160076
5.206215
5.217750
5.230567
5.244665
5.281832
5.322845
5.335661
5.362576
5.345914
5.157513
5.046010
5.076770
5.012688
4.922973
4.897340
4.996027
4.942198
4.870426
4.858891
4.871707
4.751233
4.606408
4.594873
4.569241
4.543608
4.478244
4.493624
4.421852
4.415126
4.399746
4.467673
4.548417
4.547135
4.618907
4.603528
4.624033
4.584303
4.500996
4.500996
4.515094
4.549698
4.433069
4.449730
4.348481
4.272864
4.240823
4.192121
4.212627
4.176741
4.133165
4.038324
3.994749
3.963989
4.016536
3.939638
3.890936
3.817086
3.835029
3.809397
3.776074
3.820931
3.804270
3.790172
3.827340
3.878605
3.908083
3.851691
3.760694
3.796580
3.905519
3.987545
4.008051
4.008051
4.138778
4.197733
4.178509
4.224648
4.227211
4.202860
4.173382
4.216958
4.188762
4.202860
4.181072
4.137496
4.116990
4.134933
4.075978
3.947814
3.965757
4.002924
3.996516
3.990108
3.987545
3.988826
4.011896
3.969602
3.918336
3.909364
4.010614
3.976010
4.028557
4.038810
4.037529
4.079823
3.991390
4.050345
4.068288
4.124680
4.133651
4.178509
4.184917
4.200297
4.227211
4.187480
4.136215
4.141341
4.075978
4.088794
4.047781
3.993953
4.011896
4.011896
3.956785
3.997798
4.097765
3.977291
3.876042
3.797862
3.755568
3.737625
3.777356
3.920899
4.116990
4.204142
4.131088
4.395106
4.514298
4.508686
4.495870
4.474082
4.493306
4.571486
4.465110
4.689397
4.935472
4.925536
4.846075
4.760205
4.491060
4.333419
4.357452
4.244668
4.199811
4.148545
4.057549
3.990904
3.887091
3.829903
3.818368
3.781201
3.756849
3.720963
3.690204
3.654318
3.655600
3.676106
3.628685
3.597926
3.541534
3.432595
3.319810
3.152848
3.164383
3.350220
3.392514
3.477103
3.471976
3.442498
3.372008
3.505299
3.134905
3.079794
3.131060
3.204113
3.127215
3.070823
3.081076
3.141313
3.111835
3.052880
2.975982
2.967010
2.972137
3.031092
3.045190
3.083639
3.074668
2.982390
2.900365
2.861445
2.884515
2.960131
3.026777
2.974229
2.658946
2.634595
2.769167
2.838376
2.861445
2.898612
2.896049
2.894768
2.898612
2.867853
2.837094
2.778138
2.766604
2.771730
2.766604
2.753787
2.751224
2.864008
2.794800
2.737126
2.730718
2.721746
2.716620
2.723028
2.706367
2.620497
2.885796
2.897331
2.906302
2.915274
2.857600
2.825559
2.848629
2.842220
2.833249
2.814024
2.788392
2.746097
2.724309
2.690987
2.633313
2.611525
2.584611
2.580766
2.560260
2.489769
2.412871
2.393516
2.397361
2.351222
2.367883
2.374291
2.403769
2.394798
2.364038
2.342250
2.337124
2.315336
2.273042
2.252536
2.251254
2.261507
2.248691
2.248691
2.243564
2.252536
2.267915
2.284577
2.298675
2.360193
2.524243
2.786979
3.052279
3.272851
3.443309
3.632181
3.679602
3.328433
2.992643
3.068260
3.133623
3.311771
3.395078
3.463005
3.495046
3.441217
3.415584
3.328433
3.222056
3.227183
3.215648
3.204113
3.178481
3.109272
3.074668
3.034937
3.084921
3.055443
3.069541
3.107991
3.136187
3.172072
3.207958
3.213085
3.205395
3.206677
3.211803
3.209240
3.193860
3.190016
3.192579
3.183607
3.174636
3.175917
3.163101
3.209240
3.174636
3.190016
3.045190
2.992643
3.047753
3.024684
3.065696
3.090048
2.861916
2.749942
2.815306
2.861445
2.819151
2.794800
2.785828
2.788392
2.794800
2.803771
2.872980
2.883233
2.875543
2.739689
2.635876
2.515402
2.582047
2.646130
2.688424
2.667917
2.702522
2.748661
2.775575
2.803771
2.808898
2.817869
2.816588
2.784547
2.765322
2.756351
2.710212
2.661509
2.658946
2.689705
2.728154
2.742253
2.780702
2.792236
2.825559
2.802490
2.747379
2.694832
2.688424
2.688424
2.680734
2.693550
2.694832
2.711493
2.778138
2.753787
2.747379
2.769167
2.723028
2.653819
2.575639
2.512839
2.717901
2.739689
2.721746
2.714056
2.670481
2.657664
2.703803
2.765322
2.857600
2.946033
3.015242
3.067789
3.080605
3.103675
3.010115
2.992172
2.939625
2.910147
2.862727
2.792236
2.729436
2.708930
2.682015
2.676889
2.665354
2.673044
2.679452
2.660228
2.644848
2.624342
2.639721
2.556415
2.574358
2.594864
2.639721
2.642285
2.555133
2.426969
2.464006
2.508863
2.557566
2.644717
2.657534
2.561411
2.457598
2.510145
2.517835
2.535778
2.578072
2.642154
2.647281
2.640872
2.649844
2.695983
2.695983
2.625493
2.663942
2.645999
2.640872
2.639591
2.642154
2.648562
2.657534
2.678040
2.716489
2.711363
2.702391
2.701109
2.692138
2.693420
2.689575
2.679322
2.679322
2.674195
2.676758
2.687011
2.690856
2.716489
2.765192
2.562692
2.540905
2.460161
2.397361
2.274323
2.269197
2.396079
2.503737
2.537060
2.562692
2.580635
2.612676
2.628056
2.662660
2.680603
2.684448
2.676758
2.717771
2.717771
2.721616
2.715208
2.707518
2.704954
2.707518
2.720334
2.733150
2.747248
2.765192
2.792106
2.820302
2.811331
2.789543
2.743404
2.699828
2.701109
2.720334
2.680603
2.683167
2.702391
2.734432
2.772881
2.793387
2.806204
2.833118
2.858751
2.869004
2.876694
2.884384
2.879257
2.880539
2.856188
2.804922
2.704954
2.529370
2.538341
2.633183
2.612676
2.264070
2.249972
2.408896
2.538341
2.608831
2.667787
2.613958
2.672913
2.643436
2.596015
2.634464
2.544749
2.572946
2.553721
2.584480
2.602423
2.606268
2.607550
2.607550
2.607550
2.607550
2.608831
2.607550
2.601142
2.617803
2.626774
2.654970
2.570382
2.624211
2.572946
2.621648
2.581917
2.563974
2.584480
2.599860
2.588325
2.540905
2.519117
2.490921
2.467851
2.440937
2.422994
2.408896
2.399924
2.392234
2.402488
2.437092
2.447345
2.508863
2.544749
2.525525
2.479386
2.447345
2.430683
2.417867
2.415304
2.406332
2.392234
2.478104
2.466569
2.478104
2.488357
2.499892
2.501174
2.499892
2.490921
2.393516
2.378136
2.503737
2.499892
2.510145
2.538341
2.543468
2.567819
2.638309
2.684448
2.747248
2.749812
2.767755
2.738277
2.722897
2.674195
2.645999
2.593452
2.574227
2.528088
2.490921
2.397361
2.346095
2.312773
2.271760
2.273042
2.237156
2.228184
2.210242
2.224339
2.223058
2.220495
2.201270
2.189735
2.194862
2.220495
2.247409
2.279450
2.238437
2.193580
2.197425
2.237156
2.226903
2.192298
2.141033
2.182045
2.211523
2.264070
2.266634
2.285858
2.338405
2.328152
2.242282
2.212805
2.230748
2.305083
2.385826
2.398643
2.405051
2.403769
2.414022
2.422994
2.415304
2.419149
2.420430
2.416585
2.422994
2.433247
2.439655
2.442218
2.440937
2.446063
2.440937
2.451190
2.453753
2.457598
2.460161
2.455035
2.451190
2.434528
2.444782
2.447345
2.451190
2.451190
2.451190
2.442218
2.444782
2.439655
2.439655
2.439655
2.439655
2.437092
2.435810
2.438373
2.435810
2.434528
2.434528
2.444782
2.470414
2.480667
2.492202
2.510145
2.528088
2.544749
2.549876
2.542186
2.526806
2.526806
2.524243
2.516553
2.513990
2.512708
2.505019
2.502455
2.501174
2.497329
2.493484
2.485794
2.474259
2.425557
2.439655
2.446063
2.438373
2.402488
2.399924
2.410177
2.426839
2.444782
2.493484
2.557566
2.537060
2.493484
2.474259
2.501174
2.528088
2.467851
2.496047
2.497329
2.452471
2.408896
2.310209
2.220495
2.178200
2.092331
2.152568
2.229466
2.191017
2.052600
2.003897
2.115400
2.192298
2.182045
2.183327
2.182045
2.169229
2.201270
2.160258
2.244846
2.273042
2.317899
2.328152
2.328152
2.323026
2.280732
2.124372
2.223058
2.373010
2.393516
2.394798
2.394798
2.403769
2.424275
2.448627
2.480667
2.515272
2.544749
2.553721
2.547313
2.533215
2.508863
2.479386
2.453753
2.460161
2.461443
2.462724
2.462724
2.461443
2.456316
2.455035
2.448627
2.449908
2.438373
2.453753
2.560129
2.496047
2.583199
2.547313
2.587044
2.567819
2.558847
2.567819
2.561411
2.565256
2.569101
2.566537
2.562692
2.565256
2.563974
2.560129
2.558847
2.556284
2.548594
2.546031
2.543468
2.534496
2.530651
2.528088
2.522962
2.519117
2.516553
2.512708
2.506300
2.503737
2.501174
2.494766
2.493484
2.489639
2.487076
2.478104
2.478104
2.475541
2.475541
2.476823
2.475541
2.475541
2.472978
2.471696
2.469133
2.461443
2.458879
2.456316
2.451190
2.448627
2.447345
2.440937
2.440937
2.435810
2.437092
2.437092
2.434528
2.430683
2.429402
2.429402
2.428120
2.426839
2.428120
2.419149
2.420430
2.419149
2.420430
2.414022
2.412740
2.408896
2.406332
2.407614
2.403769
2.398643
2.396079
2.396079
2.393516
2.394798
2.385826
2.384544
2.387108
2.396079
2.402488
2.407614
2.408896
2.407614
2.408896
2.412740
2.408896
2.403769
2.405051
2.406332
2.403769
2.402488
2.399924
2.396079
2.396079
2.396079
2.399924
2.403769
2.406332
2.407614
2.410177
2.406332
2.405051
2.383263
2.385826
2.393516
2.388389
2.388389
2.385826
2.380700
2.376855
2.373010
2.369165
2.365320
2.360193
2.355067
2.348659
2.347377
2.338405
2.337124
2.333279
2.326871
2.323026
2.323026
2.317899
2.315336
2.310209
2.310209
2.310209
2.305083
2.307646
2.305083
2.314054
2.319181
2.324307
2.326871
2.325589
2.324307
2.324307
2.317899
2.316617
2.312773
2.314054
2.312773
2.307646
2.307646
2.305083
2.298675
2.296111
2.296111
2.289703
2.290985
2.270478
2.275605
2.279450
2.284577
2.280732
2.285858
2.284577
2.283295
2.284577
2.283295
2.285858
2.288421
2.292266
2.294830
2.294830
2.293548
2.290985
2.284577
2.278168
2.274323
2.267915
2.262789
2.257662
2.251254
2.244846
2.241001
2.238437
2.232029
2.228184
2.228184
2.220495
2.216650
2.217931
2.211523
2.206397
2.203833
2.199988
2.198707
2.188454
2.192298
2.184609
2.183327
2.179482
2.174356
2.174356
2.166666
2.161539
2.160258
2.156413
2.152568
2.155131
2.158976
2.161539
2.161539
2.161539
2.156413
2.139751
2.147441
2.142314
2.141033
2.134625
2.138470
2.134625
2.133343
2.134625
2.133343
2.119245
2.138470
2.134625
2.128217
2.129498
2.129498
2.129498
2.142314
2.157694
2.176919
2.197425
2.214086
2.223058
2.225621
2.224339
2.214086
2.205115
2.196143
2.191017
2.179482
2.174356
2.169229
2.160258
2.157694
2.146159
2.143596
2.137188
2.134625
2.130780
2.125653
2.121808
2.116682
2.112837
2.111555
2.107710
2.098739
2.100020
2.096175
2.091049
2.087204
2.083359
2.082078
2.079514
2.076951
2.071824
2.071824
2.065416
2.066698
2.067979
2.067979
2.065416
2.064135
2.061571
2.057726
2.056445
2.053881
2.041065
2.042347
2.043628
2.038502
2.035939
2.034657
2.032094
2.029530
2.023122
2.023122
2.015432
2.014151
2.010306
2.003897
2.009024
2.011587
2.014151
2.015432
2.015432
2.016714
2.014151
2.015432
2.011587
2.006461
2.009024
2.012869
2.014151
2.016714
2.020559
2.017996
2.019277
2.019277
2.014151
2.007742
2.000052
2.001334
1.993644
1.988518
1.989799
1.985955
1.976983
1.976983
1.973138
1.965448
1.965448
1.962885
1.956477
1.956477
1.957758
1.955195
1.952632
1.950069
1.952632
1.948787
1.948787
1.943660
1.938534
1.938534
1.934689
1.933407
1.932126
1.925717
1.941037
1.935911
1.937192
1.934629
1.930784
1.926939
1.925658
1.923094
1.924376
1.919249
1.920531
1.915404
1.914123
1.912841
1.906433
1.912841
1.917968
1.915404
1.917968
1.921813
1.924376
1.925658
1.928221
1.929502
1.934629
1.933347
1.930784
1.930784
1.925658
1.920531
1.915404
1.912841
1.905151
1.903870
1.903870
1.896180
1.897461
1.889772
1.889772
1.885927
1.884645
1.882082
1.882082
1.882082
1.880800
1.884645
1.889772
1.891053
1.893616
1.894898
1.900025
1.898743
1.900025
1.897461
1.903870
1.908996
1.912841
1.916686
1.915404
1.914123
1.907714
1.902588
1.900025
1.894898
1.892335
1.885927
1.883363
1.878237
1.873110
1.871829
1.870547
1.860294
1.857731
1.851322
1.848759
1.847477
1.846196
1.841069
1.837224
1.834661
1.833379
1.829535
1.826971
1.824408
1.820563
1.820563
1.821845
1.820563
1.820563
1.821845
1.820563
1.818000
1.818000
1.810310
1.810310
1.811592
1.809028
1.810310
1.810310
1.807747
1.805183
1.811592
1.809028
1.803902
1.802620
1.805183
1.802620
1.803902
1.810310
1.816718
1.821845
1.828253
1.830816
1.825690
1.829535
1.823126
1.819281
1.812873
1.810310
1.802620
1.797493
1.796212
1.793649
1.791085
1.787240
1.769297
1.775706
1.784677
1.792367
1.797493
1.806465
1.802620
1.793649
1.807747
1.841069
1.851322
1.860294
1.841069
1.805183
1.800057
1.810310
1.824408
1.825690
1.830816
1.843632
1.839788
1.850041
1.852604
1.908996
1.939755
1.937192
1.932066
1.917968
1.906433
1.897461
1.901306
1.908996
1.955135
1.976923
1.997429
2.016654
2.020499
1.994866
1.982050
1.967952
1.955135
1.935911
1.926939
1.926939
1.932066
1.891053
1.873110
1.782114
1.802620
1.810310
1.782114
1.755199
1.648823
1.706497
1.703934
1.723158
1.730848
1.720595
1.729567
1.733412
1.729567
1.728285
1.723158
1.720595
1.711624
1.705215
1.701370
1.689836
1.687272
1.679583
1.674456
1.665485
1.662921
1.656513
1.646260
1.644978
1.641133
1.643697
1.655231
1.657795
1.655231
1.646260
1.639852
1.637289
1.636007
1.632162
1.630880
1.625754
1.642415
1.656513
1.660358
1.652668
1.692399
1.734693
1.756481
1.739820
1.741101
1.734693
1.733412
1.719314
1.709060
1.709060
1.679583
1.566798
1.550137
1.573207
1.564235
1.539884
1.507843
1.486055
1.484773
1.475802
1.477084
1.475802
1.473239
1.477084
1.536039
1.578333
1.601403
1.628317
1.638570
1.633444
1.636007
1.644978
1.648823
1.632162
1.665485
1.594994
1.597558
1.582178
1.571925
1.519378
1.503998
1.669330
1.702652
1.711624
1.751354
1.768016
1.775706
1.789804
1.741101
1.694962
1.725722
1.716750
1.741101
1.741101
1.680864
1.710342
1.980768
2.279390
2.545971
2.827992
3.075348
3.401015
3.547122
3.109272
3.093893
3.386106
3.548875
3.664222
3.697545
3.792386
3.819301
3.578352
3.450188
3.377135
3.514270
3.660377
3.673194
3.568099
3.484792
3.484792
3.316898
3.186171
3.120807
3.102864
3.106709
3.104146
3.087484
3.070823
3.052880
3.077231
3.055443
3.042627
3.018276
3.001614
2.990080
2.981108
2.975982
2.965729
2.954194
2.943941
2.937532
3.152848
2.956757
3.068260
2.975982
2.791425
2.682015
2.946033
2.983201
3.067789
3.163912
3.184418
3.224149
3.283104
3.277978
3.383072
3.431775
3.520679
3.500172
3.515552
3.402768
3.063133
2.813213
2.379549
2.342250
2.484512
2.575509
2.630619
2.666505
2.728024
2.740840
2.765192
2.781853
2.790824
2.802359
2.817739
2.830555
2.844653
2.857470
2.862596
2.852343
2.802359
2.786979
2.861315
2.822865
2.838245
2.848498
2.871567
2.897200
2.929241
2.974229
3.028058
3.052409
3.048564
3.048564
3.044719
3.043438
3.042156
3.035748
3.033185
3.030622
3.029340
3.026777
3.025495
3.021650
3.020368
3.020368
3.019087
3.012678
3.011397
3.004989
3.006270
3.003707
3.003707
3.001144
3.003707
3.003707
2.996017
2.994735
2.992172
2.988327
2.989609
2.988327
2.985764
2.981919
2.983201
2.981919
2.978074
2.974229
2.966539
2.955005
2.953723
2.969103
2.960131
2.957568
2.953723
2.949878
2.951160
2.957568
2.958850
2.957568
2.956286
2.956286
2.963976
2.972948
2.981919
2.984482
3.004989
3.020368
3.035748
3.058818
3.078042
3.090858
3.075479
3.047283
3.044719
3.028058
3.010115
2.998580
2.999862
3.012678
3.012678
3.026777
3.007552
2.979356
2.953723
2.922964
2.894768
2.897331
2.929372
2.952441
2.976793
2.957568
2.902457
2.915274
2.885796
2.829404
2.799926
2.787110
2.815306
2.871698
2.981919
3.160067
3.235684
3.270288
3.293358
3.274133
3.242092
3.185700
3.145969
3.115210
3.095985
3.071634
3.076761
3.090858
3.158785
3.235684
3.295921
3.345905
3.349750
3.307456
3.315145
3.310019
3.288231
3.266443
3.251064
3.227994
3.212614
3.204924
3.208769
3.211333
3.210051
3.208769
3.199798
3.195953
3.185700
3.172884
3.165194
3.151096
3.140842
3.134434
3.130589
3.126745
3.136997
3.163912
3.212614
3.251064
3.269006
3.271570
3.262598
3.252345
3.235684
3.215178
3.195953
3.181855
3.172884
3.163912
3.156222
3.151096
3.149814
3.151096
3.145969
3.145969
3.147251
3.147251
3.144687
3.148532
3.143406
3.136997
3.133153
3.122900
3.119055
3.112646
3.103675
3.098548
3.098548
3.098548
3.098548
3.099830
3.095985
3.093422
3.089577
3.083169
3.075479
3.072916
3.067789
3.062662
3.057536
3.058818
3.049846
3.047283
3.043438
3.046001
3.063944
3.116491
3.195953
3.270288
3.321554
3.357440
3.372819
3.363848
3.348468
3.326680
3.303611
3.286949
3.271570
3.262598
3.249782
3.234402
3.227994
3.208769
3.194671
3.185700
3.174165
3.165194
3.154941
3.143406
3.129308
3.125463
3.108801
3.101112
3.092140
3.081887
3.074197
3.066507
3.054973
3.056254
3.062662
3.072916
3.084450
3.102393
3.113928
3.119055
3.125463
3.124181
3.116491
3.112646
3.106238
3.094703
3.090858
3.081887
3.067789
3.057536
3.049846
3.039593
3.034466
3.025495
3.020368
3.016523
3.030622
3.063944
3.095985
3.129308
3.157504
3.160067
3.156222
3.149814
3.143406
3.136997
3.135716
3.122900
3.120336
3.120336
3.113928
3.107520
3.099830
3.085732
3.075479
3.065226
3.051128
3.040874
3.029340
3.021650
3.010115
3.006270
2.998580
2.988327
2.983201
2.978074
2.966539
2.960131
2.955005
2.946033
2.942188
2.931935
2.926809
2.922964
2.919119
2.913992
2.907584
2.901176
2.896049
2.887078
2.884515
2.879388
2.872980
2.872980
2.875543
2.880670
2.883233
2.887078
2.888359
2.892204
2.890923
2.890923
2.894768
2.894768
2.888359
2.881951
2.883233
2.870416
2.860163
2.852473
2.839657
2.833249
2.820432
2.819151
2.806334
2.801208
2.797363
2.789673
2.789673
2.788392
2.785828
2.784547
2.787110
2.784547
2.781983
2.779420
2.775575
2.781983
2.783265
2.780702
2.776857
2.771730
2.765322
2.758914
2.753787
2.752506
2.749942
2.747379
2.746097
2.746097
2.744816
2.739689
2.742253
2.737126
2.742253
2.747379
2.761477
2.776857
2.785828
2.788392
2.788392
2.781983
2.779420
2.785828
2.796081
2.799926
2.810179
2.816588
2.830686
2.808898
2.816588
2.805053
2.799926
2.792236
2.767885
2.770449
2.801208
2.858882
2.952441
3.001144
3.034466
3.085732
3.194671
3.242092
3.256190
3.243374
3.225431
3.263880
3.202361
3.179292
3.151096
3.179292
3.195953
3.231839
3.247219
3.252345
3.254908
3.257472
3.256190
3.243374
3.229276
3.217741
3.203643
3.188263
3.171602
3.136997
3.103675
3.085732
3.069071
3.049846
3.024213
3.015242
2.999862
2.985764
2.974229
2.955005
2.946033
2.935780
2.928090
2.916555
2.901176
2.892204
2.885796
2.872980
2.865290
2.840939
2.814024
2.792236
2.774293
2.770449
2.778138
2.785828
2.798645
2.806334
2.808898
2.807616
2.805053
2.797363
2.792236
2.789673
2.785828
2.785828
2.780702
2.774293
2.769167
2.735844
2.743534
2.725591
2.725591
2.726873
2.751224
2.764040
2.735844
2.628186
2.575639
2.538472
2.512839
2.520529
2.526937
2.628186
2.701240
2.724309
2.743534
2.762759
2.766604
2.781983
2.805053
2.815306
2.816588
2.826841
2.834531
2.847347
2.843502
2.853755
2.862727
2.869135
2.855037
2.853755
2.862727
2.955005
3.167757
3.411268
3.547122
3.602703
3.602703
3.580915
3.519397
3.463005
3.406613
3.360474
3.315616
3.278449
3.248971
3.218211
3.181044
3.151566
3.127215
3.102864
3.086203
3.056725
3.047753
3.128497
3.125933
3.088766
3.078513
3.075949
3.073386
3.063133
3.055443
3.036219
3.045190
3.038782
3.081076
3.041345
2.951630
2.906773
2.885796
2.855037
2.843502
2.835812
2.842220
2.851192
2.849910
2.842220
2.847347
2.849910
2.839657
2.838376
2.826841
2.829404
2.824277
2.822996
2.825559
2.828122
2.828122
2.824277
2.817869
2.812743
2.807616
2.801208
2.797363
2.792236
2.764040
2.723028
2.723028
2.731999
2.735844
2.742253
2.749942
2.751224
2.749942
2.749942
2.746097
2.746097
2.749942
2.838376
2.896049
2.842220
2.799926
2.765322
2.816588
2.848629
2.880670
2.862727
2.867853
2.887078
2.899894
2.872980
2.874261
2.911429
2.924245
2.935780
2.938343
2.934499
2.939625
2.935780
2.931935
2.925527
2.915274
2.906302
2.901176
2.890923
2.879388
2.878106
2.872980
2.828122
2.849910
2.875543
2.906302
2.849910
2.840939
2.814024
2.542317
2.475672
2.441067
2.407745
2.403769
2.408896
2.416585
2.472978
2.602423
2.666505
2.736995
2.736995
2.770318
2.663942
2.543468
2.512708
2.456316
2.485794
2.626774
2.726742
2.808767
2.910017
2.990760
3.093422
3.090858
3.071634
3.131871
3.111365
3.101112
3.094703
2.905021
2.748661
2.634595
2.597427
2.592301
2.651256
2.687142
2.721746
2.792236
2.810179
2.837094
2.861445
2.881951
2.887078
2.888359
2.881951
2.870416
2.870416
2.869135
2.857600
2.826841
2.712775
2.539753
2.380830
2.366601
2.361475
2.342250
2.323026
2.316617
2.310209
2.321744
2.325589
2.319181
2.308928
2.303801
2.297393
2.284577
2.276887
2.278168
2.285858
2.338405
2.511427
2.548594
2.740840
2.880539
2.925396
2.942188
2.939625
2.929372
2.921682
2.916555
2.913992
2.903739
2.897331
2.883233
2.872980
2.869135
2.857600
2.834531
2.839657
2.834531
2.831967
2.830686
2.824277
2.822996
2.811461
2.810179
2.752506
2.725591
2.723028
2.712775
2.743534
2.899894
3.056254
3.065226
3.058818
3.017805
2.998580
3.015242
3.016523
3.019087
3.029340
3.047283
3.083169
3.122900
3.156222
3.180573
3.188263
3.176728
3.162630
3.140842
3.121618
3.078042
3.080605
3.037030
3.015242
2.988327
2.976793
2.967821
2.961413
2.967821
2.976793
3.003707
3.033185
3.076761
3.115210
3.090858
2.989609
2.952441
2.947315
2.935780
2.949878
2.978074
3.007552
2.980638
2.974229
2.967821
2.934499
2.911429
2.922964
2.951160
3.033185
3.104957
3.154941
3.158785
3.139561
3.093422
3.019087
2.958850
2.934499
2.853755
2.794800
2.799926
2.793518
2.780702
2.781983
2.797363
2.819151
2.825559
2.830686
2.820432
2.806334
2.829404
2.814024
2.806334
2.799926
2.785828
2.783265
2.799926
2.833249
2.870416
2.892204
2.907584
2.913992
2.911429
2.907584
2.893486
2.876825
2.861445
2.847347
2.838376
2.848629
2.875543
2.902457
2.921682
2.931935
2.928090
2.917837
2.906302
2.898612
2.888359
2.881951
2.881951
2.879388
2.874261
2.869135
2.862727
2.856318
2.849910
2.848629
2.840939
2.829404
2.819151
2.807616
2.805053
2.805053
2.811461
2.816588
2.816588
2.819151
2.811461
2.803771
2.798645
2.792236
2.779420
2.771730
2.757632
2.742253
2.733281
2.729436
2.711493
2.707648
2.702522
2.692269
2.685860
2.685860
2.679452
2.678170
2.679452
2.675607
2.666636
2.664073
2.657664
2.649974
2.647411
2.649974
2.653819
2.620497
2.612807
2.619215
2.641003
2.641003
2.616652
2.565386
2.547443
2.546162
2.547443
2.562823
2.561541
2.592301
2.611525
2.621778
2.652538
2.671762
2.674326
2.671762
2.662791
2.660228
2.702522
2.783265
2.885796
2.967821
3.034466
3.124181
3.234402
3.340778
3.402297
3.409987
3.380509
3.324117
3.266443
3.225431
3.206206
3.197235
3.210051
3.224149
3.295921
3.412550
3.520208
3.610393
3.600140
3.606548
3.600140
3.653969
3.683447
3.643716
3.537340
3.395078
3.259224
3.200269
3.122088
3.083639
3.211803
3.296391
3.611675
3.814174
3.871848
3.907734
3.906452
3.842370
3.765472
3.623210
3.423274
3.388669
3.384825
3.398923
3.351502
3.352784
3.274604
3.234873
3.227183
3.241281
3.281012
3.364318
3.596295
3.780851
3.914142
3.984981
3.995234
3.909364
3.787609
3.706866
3.647910
3.578701
3.527436
3.486423
3.451819
3.417215
3.401486
3.386106
3.307926
3.234873
3.237436
3.278449
3.292547
3.292547
3.324588
3.322024
3.318179
3.315616
3.291265
3.269477
3.247689
3.234873
3.225901
3.242563
3.151566
3.170791
3.197705
3.196424
3.195142
3.198987
3.197705
3.233591
3.264351
3.283575
3.287420
3.292547
3.288702
3.275885
3.260506
3.236155
3.225901
3.206677
3.190016
3.179762
3.202832
3.264351
3.359192
3.459160
3.528368
3.591169
3.687292
3.762908
3.787260
3.796231
3.789823
3.605267
2.873451
2.693550
2.673044
3.060099
3.094703
3.029340
3.044719
3.069071
3.106238
3.156222
3.193390
3.235684
3.248500
3.242092
3.217741
3.238247
3.245937
3.335652
3.394607
3.326680
3.408705
3.440746
3.396359
3.410457
2.983671
2.792707
2.491051
2.416716
2.344814
2.321744
2.337124
2.311491
2.293548
2.276887
2.280732
2.247409
2.210242
2.199988
2.212805
2.210242
2.185890
2.158976
2.117963
2.132061
2.135906
2.120527
2.107710
2.082078
2.083359
2.076951
2.065416
2.074388
2.073106
2.056445
2.037220
2.006461
1.980828
1.942379
1.935971
1.951350
1.952632
1.955195
1.962885
1.957758
1.953914
2.093612
2.247409
2.298675
2.394798
2.460161
2.464006
2.479386
2.510145
2.502455
2.497329
2.544749
2.567819
2.597297
2.620366
2.579354
2.602423
2.620366
2.629338
2.631901
2.597297
2.616521
2.630619
2.649844
2.699828
2.753657
2.763910
2.757502
2.698546
2.676758
2.608831
2.610113
2.569101
2.616521
2.633183
2.607550
2.551158
2.581917
2.620366
2.548594
2.414022
2.380700
2.242282
2.255099
2.428120
2.585762
2.364038
2.070543
2.039783
2.047473
2.088486
2.053881
2.079514
2.297393
2.403769
2.549876
2.579354
2.851061
2.945903
3.054973
3.112646
3.087013
3.179292
3.058818
3.003707
3.011397
2.992172
2.761477
2.693550
2.683297
2.646130
2.673044
2.712775
2.714056
2.707648
2.693550
2.684579
2.657664
2.647411
2.633313
2.634595
2.628186
2.616652
2.615370
2.728154
2.701240
2.694832
2.664073
2.669199
2.675607
2.673044
2.696113
2.731999
2.753787
2.776857
2.779420
2.767885
2.757632
2.765322
2.739689
2.715338
2.667917
2.451320
2.300087
2.025685
1.933407
1.914183
1.919249
1.935911
1.942319
1.939755
1.939755
1.924376
1.896180
1.883363
1.875674
1.866702
1.867984
2.035878
1.996148
2.060230
2.119185
2.157634
2.183267
2.210181
2.233251
2.260165
2.275545
2.293488
2.315276
2.328092
2.334501
2.335782
2.339627
2.344754
2.385766
2.461383
2.617803
2.745967
2.848498
2.883102
2.776726
2.713926
2.706236
2.739559
2.739559
2.836963
3.011266
3.236965
3.442028
3.603985
3.771880
4.029490
4.265660
4.442527
4.561233
4.558670
4.502278
4.515094
4.552262
4.490743
4.485617
4.416408
4.329257
4.258766
4.208782
4.162643
4.087027
4.026790
3.979369
3.942201
3.907597
3.888858
3.854254
3.829903
3.800425
3.768384
3.744033
3.723527
3.714555
3.700457
3.688922
3.674824
3.659445
3.632530
3.617151
3.673543
3.864507
4.058035
4.165692
4.200297
4.205423
4.200297
4.187480
4.155439
4.108019
4.058035
4.008051
3.960630
3.922181
3.911928
3.886295
3.861944
3.845283
3.819650
3.797862
3.788890
3.778637
3.779919
3.770947
3.745315
3.756849
3.813241
3.877324
3.920899
3.937561
3.934997
3.910646
3.885013
3.854254
3.831184
3.824776
3.823495
3.826058
3.818368
3.805552
3.792735
3.774792
3.760694
3.750441
3.742751
3.731217
3.722245
3.703021
3.691486
3.682514
3.672261
3.663290
3.660726
3.647910
3.636375
3.624840
3.610743
3.597926
3.587673
3.579983
3.583828
3.595363
3.605616
3.600489
3.600489
3.597926
3.586391
3.571012
3.563322
3.549224
3.535126
3.521028
3.514620
3.506930
3.503085
3.496676
3.497958
3.491550
3.488987
3.478734
3.469762
3.463354
3.450537
3.440284
3.427468
3.417215
3.415584
3.409176
3.391233
3.382262
3.395078
3.510425
3.539903
3.534776
3.592450
3.639871
3.741121
3.751374
3.564254
3.536058
3.564254
3.565536
3.552720
3.610393
3.639871
3.589887
3.592450
3.580915
3.591169
3.578352
3.560409
3.548875
3.557846
3.559128
3.564254
3.552720
3.525805
3.525805
3.525805
3.527087
3.520679
3.510425
3.495046
3.477103
3.465568
3.469413
3.479666
3.483511
3.486074
3.493764
3.497609
3.501454
3.505299
3.506580
3.504017
3.505299
3.505299
3.515552
3.496327
3.519397
3.471976
3.454033
3.454033
3.473258
3.502736
3.515552
3.542466
3.619365
3.655251
3.482229
3.047753
2.872169
2.770449
2.688424
2.637158
2.619215
2.630750
2.839657
2.883233
2.844784
2.848629
2.884515
2.913992
2.922964
2.955005
2.990891
3.030622
3.135716
3.275415
3.395889
3.534306
3.732149
3.864158
3.914142
3.928589
3.892703
3.877324
3.847846
3.778637
3.790172
3.974728
4.268224
4.520707
4.741944
4.818843
4.912403
5.071643
5.216468
5.294649
5.304902
5.293367
5.244665
5.201089
5.140852
5.078052
5.010125
4.961422
4.956295
4.974238
4.957577
4.943479
4.921691
4.880679
4.823005
4.806344
4.816597
4.838385
4.855046
4.755078
4.705094
4.647420
4.564114
4.564114
4.509003
4.491060
4.514130
4.585902
4.667927
4.712784
4.769176
4.842230
4.878116
4.884524
4.852483
4.823005
4.776866
4.689714
4.603845
4.530791
4.529510
4.541044
4.591028
4.582057
4.578212
4.591028
4.534636
4.491060
4.459020
4.347517
4.234415
4.194685
4.184431
4.178023
4.165206
4.154953
4.151109
4.147264
4.138292
4.125476
4.085745
4.166488
4.235697
4.210064
4.252358
4.285681
4.288244
4.312595
4.316440
4.313877
4.284399
4.202374
4.186995
4.198529
4.124194
4.147264
4.089590
4.039606
4.013973
3.983214
3.966552
3.930666
3.912724
3.911928
3.942687
3.959348
3.902956
3.913209
4.001643
3.992671
3.982418
3.972165
3.349288
3.157974
3.630899
3.714206
3.765472
3.810329
3.883383
3.820582
3.760345
3.734712
3.789823
3.848778
3.870566
3.909015
3.897480
3.885946
3.887228
3.885946
3.893636
3.860313
3.843652
3.798794
3.882101
3.842370
3.839807
3.687292
3.655251
3.696263
3.725741
3.737276
3.641153
3.719333
3.697545
3.714206
3.783415
3.632181
3.637308
3.642434
3.569381
3.559128
3.602703
3.683447
3.718051
3.688573
3.579634
3.620646
3.748810
3.756500
3.777006
3.773161
3.574507
3.718051
3.793668
3.833399
3.823145
3.834680
3.774443
3.683447
3.456597
3.502736
3.432245
3.511707
3.498891
3.482229
3.420711
3.443780
3.500172
3.519397
3.461723
3.432245
3.427119
3.438653
3.445062
3.464286
3.446343
3.406613
3.406613
3.439935
3.343812
3.365600
3.395078
3.370727
3.343812
3.361755
3.425837
3.468131
3.391233
3.406613
3.432245
3.463005
3.369445
3.323306
3.328433
3.341249
3.365600
3.409176
3.459160
3.484792
3.495046
3.510425
3.425837
3.495046
3.504017
3.438653
3.507862
3.550156
3.123370
3.092611
3.201550
3.213085
3.231028
3.206677
3.204113
3.200269
3.195142
3.196424
3.191297
3.190016
3.188734
3.187452
3.181044
3.182326
3.179762
3.177199
3.170791
3.186171
3.182326
3.179762
3.183607
3.178481
3.182326
3.183607
3.181044
3.196424
3.177199
3.172072
3.168228
3.161819
3.160538
3.157974
3.154130
3.154130
3.156693
3.145158
3.134905
3.131060
3.124652
3.116962
3.114399
3.111835
3.105427
3.099019
3.099019
3.097737
3.096456
3.140032
3.155411
3.155411
3.152848
3.150285
3.146440
3.142595
3.138750
3.136187
3.131060
3.132342
3.131060
3.132342
3.131060
3.145158
3.145158
3.147721
3.138750
3.133623
3.132342
3.132342
3.125933
3.115680
3.106709
3.100301
3.100301
3.092611
3.092611
3.090048
3.084921
3.096456
3.068260
3.061852
3.054162
3.054162
3.063133
3.077231
3.132342
3.101582
3.119525
3.133623
3.111835
3.114399
3.133623
3.157974
3.168228
3.170791
3.187452
3.218211
3.216930
3.193860
3.195142
3.115680
3.069541
3.045190
2.917026
2.533345
2.714056
3.104957
2.958850
3.007552
3.117773
3.175447
3.087013
3.043438
3.017805
3.030622
3.015242
3.004989
2.929372
2.798645
2.767885
2.690987
2.689705
2.629468
2.470545
2.394928
2.411459
2.215368
2.446063
2.572946
2.597297
2.610113
2.621648
2.116682
2.071824
2.206397
2.328152
2.358912
2.346095
2.280732
2.319181
2.331997
2.326871
2.315336
2.287140
2.266634
2.353785
2.469133
2.455035
2.456316
2.506300
2.496047
2.487076
2.498610
2.501174
2.472978
2.469133
2.397361
2.448627
2.446063
2.447345
2.447345
2.437092
2.470414
2.419149
2.156413
2.017996
1.942379
1.902648
1.887208
1.867984
1.860294
1.844914
1.829535
1.820563
1.810310
1.805183
1.794930
1.792367
1.785959
1.785959
1.775706
1.770579
1.768016
1.760326
1.750073
1.741101
1.727003
1.720595
1.709060
1.703934
1.706497
1.700089
1.692399
1.684709
1.680864
1.668048
1.659076
1.652668
1.646260
1.646260
1.641133
1.637289
1.636007
1.628317
1.621909
1.615501
1.610374
1.605247
1.607811
1.720595
1.825690
1.815436
1.753918
1.691117
1.659076
1.653950
1.810310
1.912841
1.937192
2.114058
2.206336
2.234533
2.231969
2.265292
2.262729
2.251194
2.242223
2.237096
2.229406
2.224279
2.206336
2.129438
2.016654
1.987176
2.110214
2.184549
2.181985
2.125593
2.151226
2.124312
2.053821
2.140973
2.038442
1.988458
1.983331
1.996148
1.980768
1.932066
1.919249
1.901306
1.852604
1.721877
1.857731
1.859012
1.810310
1.800057
1.852604
1.876955
1.873110
1.864139
1.859012
1.853886
1.852604
1.810310
1.805183
1.798775
1.814155
1.803902
1.805183
1.807747
1.803902
1.805183
1.796212
1.797493
1.794930
1.793649
1.789804
1.824408
1.825690
1.825690
1.825690
1.826971
1.824408
1.824408
1.823126
1.820563
1.828253
1.826971
1.820563
1.821845
1.820563
1.819281
1.819281
1.814155
1.818000
1.816718
1.826971
1.838506
1.857731
1.873110
1.897461
1.920531
1.942319
1.956417
1.966670
1.964107
1.961543
1.958980
1.953853
1.947445
1.943600
1.939755
1.932066
1.925658
1.920531
1.911559
1.903870
1.900025
1.893616
1.884645
1.876955
1.887208
1.880800
1.880800
1.876955
1.874392
1.873110
1.824408
1.820563
1.855167
1.837224
1.851322
1.841069
1.869265
1.779551
1.579615
1.609092
1.784677
1.776987
1.775706
1.778269
1.775706
1.778269
1.800057
1.800057
1.805183
1.780832
1.770579
1.741101
1.735975
1.805183
1.798775
1.846196
1.879518
1.862857
1.871829
1.870547
1.874392
1.850041
1.843632
1.850041
1.830816
1.830816
1.798775
1.805183
1.833379
1.812873
1.821845
1.833379
1.832098
1.832098
1.856449
1.837224
1.829535
1.870547
1.875674
1.884645
1.892335
1.888490
1.883363
1.875674
1.871829
1.864139
1.861575
1.861575
1.851322
1.847477
1.844914
1.841069
1.838506
1.834661
1.832098
1.830816
1.832098
1.814155
1.783395
1.753918
1.753918
1.723158
1.814155
1.811592
1.707779
1.642415
1.664203
1.664203
1.665485
1.678301
1.697526
1.730848
1.748791
1.733412
1.712905
1.732130
1.764171
1.783395
1.789804
1.791085
1.788522
1.761608
1.764171
1.780832
1.782114
1.776987
1.775706
1.748791
1.705215
1.707779
1.750073
1.792367
1.798775
1.807747
1.805183
1.801338
1.784677
1.724440
1.680864
1.809028
1.816718
1.833379
1.838506
1.846196
1.860294
1.852604
1.753918
1.806465
1.800057
1.791085
1.793649
1.828253
1.892335
1.962825
2.035878
2.107650
2.180704
2.222998
2.240941
2.264010
2.267855
2.240941
2.235814
2.228124
2.216590
2.215308
2.205055
2.185830
2.171732
2.161479
2.147381
2.140973
2.120467
2.106369
2.092271
2.056385
2.037160
2.014091
2.003838
1.992303
1.984613
1.979486
1.969233
1.958980
1.952572
1.941037
1.933347
1.925658
1.925658
1.917968
1.914123
1.915404
1.907714
1.900025
1.898743
1.889772
1.885927
1.882082
1.878237
1.876955
1.887208
1.905151
1.929502
1.941037
1.946164
1.948727
1.950009
1.946164
1.941037
1.938474
1.923094
1.951290
1.966670
1.974360
1.957698
1.820563
1.859012
1.876955
1.830816
1.810310
1.864139
1.882082
1.910278
1.900025
1.764171
1.691117
1.665485
1.653950
1.629599
1.619346
1.611656
1.550137
1.593713
1.711624
1.762889
1.809028
1.796212
1.859012
1.923094
1.941037
1.965388
1.979486
2.002556
2.016654
2.032033
2.035878
2.044850
2.048695
2.047413
2.044850
2.041005
2.038442
2.034597
1.980768
1.843632
1.823126
1.819281
1.806465
1.797493
1.796212
1.811592
1.874392
1.998711
2.164042
2.317839
2.435750
2.640872
2.658815
2.642154
2.597297
2.610113
2.601142
2.584480
2.566537
2.549876
2.538341
2.529370
2.516553
2.502455
2.489639
2.478104
2.465288
2.446063
2.431965
2.422994
2.408896
2.401206
2.393516
2.389671
2.383263
2.376855
2.367883
2.355067
2.344814
2.331997
2.323026
2.314054
2.310209
2.293548
2.292266
2.283295
2.280732
2.265352
2.264070
2.264070
2.260225
2.258944
2.264070
2.287140
2.328152
2.365320
2.396079
2.414022
2.419149
2.416585
2.402488
2.385826
2.364038
2.348659
2.337124
2.325589
2.317899
2.308928
2.298675
2.292266
2.282013
2.279450
2.271760
2.269197
2.266634
2.256381
2.249972
2.279450
2.238437
1.912901
2.107650
2.201210
2.221716
2.225561
2.164042
2.144818
2.174296
2.220435
2.238378
2.238378
2.287080
2.302459
2.302459
2.299896
2.256320
1.762889
1.657795
1.623191
1.588586
1.557827
1.552700
1.614219
2.042287
2.016654
1.994866
1.978205
2.008964
1.844914
1.575770
1.579615
1.506561
1.683428
2.098679
2.102524
2.093552
2.140973
2.274263
2.270419
2.210181
2.161479
2.176859
2.174296
2.233251
2.226843
2.216590
2.015372
1.993584
1.996148
1.985895
2.055103
2.102524
2.076891
2.060230
2.042287
2.023062
2.020499
2.010246
1.883363
1.864139
1.862857
1.861575
1.846196
1.903870
1.917968
1.947445
1.973078
1.965388
1.965388
1.956417
1.948727
1.880800
1.830816
1.802620
1.737256
1.703934
1.765453
1.721877
1.694962
1.711624
1.744946
1.728285
1.707779
1.687272
1.677019
1.691117
1.678301
1.692399
1.705215
1.697526
1.685991
1.684709
1.673174
1.618064
1.409157
1.948528
1.917968
1.924376
1.923094
1.917968
1.914123
1.766734
1.295091
1.084702
1.979287
2.005119
2.023062
2.037160
2.037160
2.042287
2.044850
1.793649
1.671893
1.929502
1.983331
1.988458
1.997429
2.010246
2.033315
2.057666
2.082017
2.101242
2.115340
2.115340
2.107650
2.097397
2.102524
2.089707
2.106369
2.115340
2.089707
2.079454
2.101242
2.192239
2.305023
2.422934
2.524243
2.576790
2.604986
2.612676
2.584480
2.548594
2.521680
2.499892
2.434528
2.191017
2.138470
2.321744
2.339687
2.326871
2.311491
2.316617
2.308928
2.305083
2.298675
2.292266
2.284577
2.269197
2.242282
2.244846
2.246127
2.257662
2.233311
2.260225
2.256381
2.176919
2.107710
2.150004
2.110274
2.105147
2.101302
2.076951
2.009024
2.038502
2.017996
1.993644
2.052600
2.084641
2.119245
2.128217
2.126935
2.129498
2.126935
2.128217
2.128217
2.121808
2.119245
2.115400
2.107710
2.100020
2.096175
2.082078
2.033375
2.020559
2.025685
2.019277
2.019277
2.017996
2.015432
2.007742
2.002616
1.994926
1.991081
1.987236
1.980828
1.979546
1.975701
1.970575
1.966730
1.966730
1.918028
1.784677
1.896180
1.973078
1.966670
1.966670
1.956417
1.948727
1.942319
1.941037
1.935911
1.932066
1.926939
1.925658
1.921813
1.919249
1.915404
1.910278
1.908996
1.906433
1.917968
1.929502
1.926939
1.919249
1.914123
1.910278
1.907714
1.816718
1.898743
1.908996
1.901306
1.898743
1.894898
1.887208
1.885927
1.883363
1.875674
1.879518
1.878237
1.873110
1.867984
1.865420
1.865420
1.859012
1.715469
1.833379
1.839788
1.841069
1.741101
1.769297
1.741101
1.755199
1.832098
1.842351
1.844914
1.765453
1.785959
1.794930
1.806465
1.814155
1.818000
1.811592
1.775706
1.785959
1.798775
1.800057
1.797493
1.793649
1.793649
1.787240
1.785959
1.783395
1.780832
1.780832
1.780832
1.782114
1.776987
1.771861
1.771861
1.766734
1.761608
1.761608
1.760326
1.756481
1.706497
1.709060
1.744946
1.748791
1.742383
1.739820
1.739820
1.737256
1.737256
1.738538
1.630880
1.709060
1.718032
1.710342
1.706497
1.705215
1.698807
1.694962
1.702652
1.712905
1.707779
1.707779
1.709060
1.706497
1.703934
1.715469
1.733412
1.747509
1.747509
1.691117
1.515533
1.548855
1.442479
1.539884
1.501435
1.493745
1.586023
1.596276
1.629599
1.659076
1.651387
1.644978
1.641133
1.638570
1.636007
1.632162
1.624472
1.621909
1.619346
1.616782
1.610374
1.614219
1.611656
1.602684
1.600121
1.602684
1.596276
1.596276
1.591149
1.587305
1.582178
1.587305
1.573207
1.568080
1.560390
1.559108
1.555264
1.547574
1.546292
1.538602
1.534757
1.537321
1.529631
1.528349
1.519378
1.521941
1.528349
1.521941
1.518096
1.512969
1.516814
1.512969
1.509125
1.509125
1.502716
1.505280
1.500153
1.493745
1.495026
1.489900
1.483492
1.478365
1.479647
1.474520
1.469394
1.468112
1.465549
1.460422
1.460422
1.459141
1.451451
1.457859
1.456577
1.448887
1.443761
1.439916
1.439916
1.434789
1.434789
1.432226
1.425818
1.467913
1.465349
1.461504
1.462786
1.465349
1.460223
1.457660
1.451251
1.452533
1.447407
1.444843
1.444843
1.443562
1.439717
1.438435
1.440998
1.435872
1.435872
1.434590
1.434590
1.437153
1.433308
1.428182
1.426900
1.424337
1.421774
1.419210
1.420492
1.415365
1.412802
1.408957
1.403831
1.402549
1.401267
1.402549
1.402549
1.397423
1.389733
1.392296
1.385888
1.379480
1.379480
1.380761
1.379480
1.375635
1.371790
1.371790
1.367945
1.361537
1.356410
1.358973
1.355128
1.352565
1.351284
1.346157
1.346157
1.343594
1.341030
1.339749
1.338467
1.335904
1.332059
1.330777
1.328214
1.325651
1.326932
1.325651
1.321806
1.316679
1.315398
1.310271
1.308989
1.307708
1.303863
1.303863
1.305144
1.301300
1.298736
1.297455
1.291046
1.293610
1.291046
1.289765
1.284638
1.287202
1.284638
1.279512
1.279512
1.278230
1.276948
1.273103
1.274385
1.269258
1.266695
1.267977
1.261569
1.260287
1.259005
1.257724
1.255161
1.260287
1.261569
1.255161
1.253879
1.255161
1.247471
1.246189
1.246189
1.243626
1.241063
1.241063
1.241063
1.238499
1.235936
1.235936
1.230809
1.230809
1.232091
1.230809
1.230809
1.226964
1.225683
1.225683
1.219275
1.220556
1.212866
1.215430
1.216711
1.215430
1.210303
1.210303
1.210303
1.205177
1.206458
1.206458
1.203895
1.201332
1.196205
1.196205
1.194923
1.197487
1.194923
1.192360
1.192360
1.191079
1.188515
1.187234
1.187234
1.183389
1.182107
1.183389
1.182107
1.182107
1.183389
1.184670
1.179544
1.180825
1.180825
1.176980
1.176980
1.174417
1.174417
1.171854
1.168009
1.166727
1.168009
1.168009
1.171854
1.185952
1.182107
1.160319
1.152629
1.143658
1.138531
1.132123
1.124433
1.120588
1.121870
1.123152
1.116743
1.111617
1.109054
1.101364
1.093674
1.089829
1.082139
1.083421
1.084702
1.085984
1.085984
1.084702
1.084702
1.083421
1.080858
1.079576
1.073168
1.074449
1.071886
1.062915
1.070604
1.060351
1.051380
1.050098
1.048817
1.047535
1.044972
1.044972
1.041127
1.037282
1.033437
1.033437
1.033437
1.025747
1.018057
1.021902
1.023184
1.020620
1.018057
1.014212
1.012931
1.009086
1.010367
1.003959
1.002677
1.005241
1.005241
1.003959
1.005241
0.998833
0.997551
0.992424
0.994988
0.991143
0.991143
0.994988
0.992424
0.986016
0.982171
0.979608
0.979608
0.977045
0.978326
0.974481
0.970636
0.973200
0.969355
0.962947
0.965510
0.961665
0.962947
0.962947
0.960383
0.957820
0.957820
0.957820
0.952694
0.952694
0.948849
0.948849
0.947567
0.946285
0.941159
0.942440
0.941159
0.939877
0.964129
0.964129
0.965411
0.960284
0.961566
0.957721
0.959003
0.955158
0.952594
0.941060
0.939778
0.939778
0.935933
0.935933
0.935933
0.933370
0.932088
0.930807
0.930807
0.930807
0.930807
0.929525
0.928243
0.923117
0.921835
0.917990
0.919272
0.917990
0.917990
0.915427
0.914145
0.914145
0.910300
0.912864
0.909019
0.906455
0.905174
0.903892
0.902610
0.901329
0.902610
0.900047
0.898766
0.900047
0.893639
0.893639
0.892357
0.885949
0.883386
0.883386
0.884668
0.884668
0.878259
0.882104
0.878259
0.879541
0.878259
0.874414
0.871851
0.871851
0.869288
0.866725
0.865443
0.864161
0.861598
0.861598
0.860316
0.855190
0.855190
0.852627
0.852627
0.853908
0.851345
0.852627
0.851345
0.851345
0.851345
0.847500
0.850063
0.847500
0.844937
0.841092
0.841092
0.838529
0.839810
0.839810
0.837247
0.837247
0.838529
0.835965
0.834684
0.834684
0.830839
0.830839
0.833402
0.837247
0.834684
0.832120
0.833402
0.830839
0.828275
0.826994
0.826994
0.824430
0.826994
0.825712
0.821867
0.823149
0.824430
0.821867
0.820586
0.820586
0.819304
0.816741
0.818022
0.812896
0.812896
0.814177
0.811614
0.814177
0.810332
0.810332
0.807769
0.803924
0.794953
0.789826
0.792389
0.797516
0.797516
0.793671
0.796234
0.796234
0.794953
0.793671
0.789826
0.788545
0.789826
0.785981
0.785981
0.787263
0.783418
0.783418
0.779573
0.779573
0.778291
0.778291
0.779573
0.774446
0.770602
0.771883
0.768038
0.769320
0.768038
0.764193
0.765475
0.761630
0.762912
0.762912
0.762912
0.761630
0.761630
0.761630
0.757785
0.755222
0.760348
0.759067
0.755222
0.753940
0.755222
0.752659
0.750095
0.751377
0.748814
0.747532
0.746250
0.746250
0.746250
0.750095
0.748814
0.742406
0.744969
0.737279
0.737279
0.737279
0.741124
0.738561
0.743687
0.742406
0.737279
0.737279
0.738561
0.734716
0.735997
0.735997
0.733434
0.732152
0.732152
0.732152
0.730871
0.727026
0.727026
0.724463
0.725744
0.721899
0.723181
0.721899
0.724463
0.721899
0.723181
0.721899
0.723181
0.719336
0.718054
0.716773
0.718054
0.719336
0.723181
0.718054
0.719336
0.712928
0.715491
0.714209
0.711646
0.712928
0.712928
0.711646
0.715491
0.711646
0.709083
0.711646
0.707801
0.709083
0.707801
0.705238
0.706520
0.706520
0.705238
0.705238
0.703956
0.703956
0.702675
0.702675
0.701393
0.698830
0.698830
0.696266
0.692422
0.693703
0.698830
0.691140
0.692422
0.692422
0.692422
0.692422
0.692422
0.686013
0.686013
0.686013
0.683450
0.682168
0.680887
0.680887
0.678324
0.683450
0.686013
0.679605
0.679605
0.675760
0.673197
0.674479
0.674479
0.669352
0.670634
0.670634
0.669352
0.671915
0.670634
0.668070
0.665507
0.668070
0.666789
0.665507
0.662944
0.664226
0.660381
0.664226
0.662944
0.659099
0.656536
0.655254
0.655254
0.655254
0.656536
0.655254
0.653972
0.653972
0.655254
0.650127
0.653972
0.650127
0.647564
0.648846
0.648846
0.646283
0.648846
0.646283
0.643719
0.642438
0.643719
0.638593
0.639874
0.643719
0.638593
0.636029
0.641156
0.642438
0.639874
0.639874
0.642438
0.641156
0.637311
0.639874
0.633466
0.634748
0.632185
0.629621
0.628340
0.628340
0.628340
0.628340
0.628340
0.624495
0.623213
0.623213
0.620650
0.620650
0.621931
0.620650
0.620650
0.621931
0.628340
0.620650
0.621931
0.621931
0.618086
0.616805
0.619368
0.619368
0.620650
0.615523
0.615523
0.607833
0.609115
0.603988
0.605270
0.603988
0.605270
0.602707
0.607833
0.605270
0.600143
0.598862
0.601425
0.602707
0.603988
0.605270
0.602707
0.601425
0.600143
0.601425
0.600143
0.601425
0.596299
0.597580
0.597580
0.596299
0.597580
0.597580
0.596299
0.595017
0.593735
0.588609
0.588609
0.586045
0.589890
0.587327
0.592454
0.586045
0.584764
0.584764
0.583482
0.579637
0.579637
0.579637
0.578356
0.575792
0.578356
0.570666
0.574511
0.573229
0.569384
0.570666
0.570666
0.569384
0.568103
0.569384
0.566821
0.569384
0.582201
0.571947
0.574511
0.582201
0.577074
0.583482
0.603988
0.651409
0.661662
0.661662
0.659099
0.660381
0.661662
0.660381
0.664226
0.668070
0.669352
0.669352
0.671915
0.668070
0.666789
0.664226
0.666789
0.662944
0.665507
0.661662
0.665507
0.664226
0.665507
0.664226
0.664226
0.653972
0.671915
0.661662
0.650127
0.648846
0.671915
0.641156
0.725744
0.912864
1.169192
0.953876
0.810332
0.775728
0.760348
0.766757
0.764193
0.814177
0.853908
0.866725
0.864161
0.860316
0.850063
0.833402
0.835965
0.843655
0.850063
0.847500
0.846218
0.838529
0.832120
0.826994
0.792389
0.778291
0.411742
0.632115
0.210456
0.000000
0.331945
0.000000
0.003845
0.007690
0.014098
0.016661
0.017943
0.020506
0.019225
